-0.2932733 +3.3139912 -13.4689394 +5.0852466 +11.3260826
-0.2936079 +4.4872023 -16.5978890 +5.3928537 +11.9772856
+0.2657572 +3.6810509 -6.1262535 +4.1731160 +22.4268500
+0.2582584 +6.4483035 -12.8479453 +3.6735479 +15.9234924
+0.0285856 +5.9047020 -41.0567004 -2.7077548 +45.7926553
-0.2675020 +3.9228855 -34.0263662 -0.6755171 +45.4250224
-0.2046271 +2.6733549 -31.2584154 -1.3575087 +47.2064831
-0.3801499 +4.0080904 -29.5531198 -5.0667521 +59.3398970
+0.1981946 +8.8843945 -2.6873230 +5.2158875 +9.9043703
-0.0282340 -0.4846732 -38.5460778 -3.6048895 +50.1324613
+0.0426479 +9.5290800 -11.1518006 +2.4767669 +17.2681316
-0.5928385 +11.1151928 +18.6491724 +0.6113920 +48.9443741
-0.2508506 +16.3763255 +37.0751904 +4.8944199 +12.8923414
-0.7139012 +14.4521180 +31.3674925 -1.5172974 +36.6416200
-0.8199465 +5.9981052 -42.3871381 -4.3494959 +54.4849930
-0.6555688 +12.6878049 +37.4891640 +6.3225465 +8.3300738
-0.7284032 +12.6801603 +13.4781261 -1.6648534 +42.5570662
-0.5113770 +13.8512867 +49.0661911 +2.7541715 +3.6847822
-1.4334763 +19.5029314 +25.3995163 -0.0569199 +46.2254057
-0.9187861 +17.1504240 +22.1546491 -2.8796663 +33.3983872
-0.7071364 +13.6723149 +18.7215813 -3.5960558 +45.4241281
-0.6831971 -0.1833241 -24.1828375 -1.0518213 +41.6939998
-0.8320213 +16.3416877 +24.3891702 -1.0153819 +41.5685865
-0.9651083 +5.1501846 -40.7475590 +1.2786195 +47.8855583
-1.0207699 +13.9845251 +12.1498531 +0.6178842 +48.1133718
-1.1059846 +14.0946567 +10.1511909 -1.0552350 +48.5140254
-0.3046877 +7.6182315 -43.9044185 -4.0453842 +51.7727943
-1.0304826 +13.1336867 +28.6850942 -1.1487956 +34.2911780
-0.2347542 +15.9521884 +50.1170855 +3.1962351 +6.6307581
-0.6460629 +17.1018172 +50.0134108 +4.5929300 +5.6907352
-0.4091582 +3.0448262 -36.8666661 +1.3273114 +53.9520253
+0.2922320 +5.4004153 -22.8056220 +2.5723556 +17.1853373
-0.4278025 +8.2381516 -32.6042856 -1.1794647 +60.0772774
-0.5180449 +13.9735910 +18.1275479 -0.9382456 +46.1121764
-0.0058193 +5.4207042 -14.0201755 -0.3567067 +17.0098002
-0.9710175 +2.3275892 -38.4621054 -3.2215193 +52.7914963
+0.0365802 +8.2830957 -13.2953786 +1.8656637 +19.6527836
-0.9573180 +15.3915660 +24.5351296 +1.4627182 +45.9057052
-0.4082520 +5.4832130 -39.5172373 -3.5336673 +55.6997075
-0.2716349 +14.2828178 +54.3443329 +4.4385722 +6.4167308
-0.4079452 +3.8176999 -42.4328506 +3.1055068 +47.9582082
+0.0128447 +9.5253452 -3.7905651 +3.3261102 +10.2334388
-0.1904243 +8.4049708 -22.4279835 +3.0441175 +12.3524424
+0.1769920 +6.1228382 -13.8790148 +5.4749128 +8.4306068
+0.1360019 +5.7725245 -25.3970445 +3.2103900 +11.2729681
-0.9454058 +12.0225044 +11.9314067 +0.5444214 +45.0638197
-0.3850422 +3.3228319 -35.5884092 -0.4160354 +49.4641297
+0.0376522 +10.2811824 -12.3024612 +3.0030427 +18.1817673
-1.1108332 +12.7354854 +26.6588056 +0.5641057 +52.9120177
-0.3771692 +5.6284818 -33.7746465 +4.3853311 +44.6251171
-0.6234241 +16.6927898 +51.5855614 +1.1413277 +1.9286996
-1.1056177 +11.8077213 +14.6993510 -4.2001360 +41.9874254
-1.1068772 +13.3502828 +42.1344920 -7.4968325 +48.2132938
-0.3572876 +2.3714845 -32.0559423 -2.8958625 +46.3205413
-0.8463072 +18.5427265 +25.9284927 -3.8062923 +45.2952698
+0.1381054 +5.9729386 -13.9230824 +1.7620958 +8.1862596
+0.1913652 +14.0214283 +51.2639701 +0.6823334 +14.0995447
-0.4209463 +7.6607912 -9.4632037 +3.4727513 +16.7074655
-0.8849185 +6.4347740 -26.8368929 -0.1862836 +68.5016817
-0.3893263 +8.4679260 -36.8348710 +0.1747600 +45.3422550
-1.0523945 +15.1178814 +21.4991712 -1.8409648 +48.4261419
+0.3419467 +5.1903745 -14.4892643 +5.1315175 +9.5104304
+0.2637806 +6.6206640 -18.9844259 +3.5818318 +10.7583524
-0.5121741 +15.4293825 +48.0209753 +4.3169736 +12.1123370
+0.0669700 +6.1050806 -7.8593638 +3.8764463 +8.6393856
-0.0079621 +5.8907822 -9.7971634 +4.5572230 +13.5617029
-0.6552034 +3.2411032 -49.3858694 -2.4231844 +48.5297835
-0.3097302 +17.9666770 +42.2434341 +2.0301246 +14.3136276
+0.1449409 +9.9164921 -7.4376266 +3.5070793 +10.8859595
-1.0044215 +17.9564122 +37.1181255 -1.7779019 +45.0374340
-0.1900268 +2.6091323 -30.4216665 -0.5581241 +39.4412522
-1.2893641 +17.0531840 +24.6106314 -1.4199777 +49.9722199
+0.6410619 +7.7183605 -8.0089376 +4.7665580 +9.1627467
-1.1520642 +17.4806679 +42.3644348 +3.5158051 +9.8821261
+0.3267476 +4.4225727 -17.1142167 +5.0777395 +7.0929322
-0.9013471 +15.1593245 +24.2793023 -2.5071185 +42.8039990
-0.7817118 +3.6596013 -27.5611340 -0.1944243 +41.0746160
+0.0510255 +7.0938273 -8.8874360 +2.3659077 +5.8080378
-0.1448392 +14.7377227 +43.7097011 +5.7108629 +7.0262806
-0.2755948 +1.3871523 -36.5789703 +0.6174810 +55.0234784
-0.0974249 +0.4615862 -37.4709243 -2.9304476 +50.3351832
+0.0768480 +7.1556638 +0.8246933 +1.1441410 +10.1580053
-0.1808918 +3.3591150 -2.0146594 +4.2275253 +17.7418782
-0.4258084 +17.1153757 +62.8460269 +1.5978636 +10.4918488
-0.8699785 +2.9066841 -23.9109813 -4.0832826 +52.8603338
-1.2304397 +15.4089611 +11.1807165 -1.4610231 +32.9675807
-1.1630813 +16.6339222 +18.7609193 +0.6729974 +54.7609492
+0.4777915 +5.8522276 -10.8000839 +5.5192244 +13.7986778
-1.3434871 +13.4364357 +19.2869031 -2.6496926 +40.6936745
-0.1092192 +4.3777191 -15.0902693 +3.0885757 +1.6936837
-0.6053296 +17.3115514 +38.1842360 +2.1321974 +10.7756634
-0.4937443 +4.3116843 -46.5248641 -1.7603216 +46.0775854
+0.0355374 +6.0863836 -10.9417610 +2.0875550 +2.3950973
-0.6869821 +12.7110347 +1.6397662 +0.2679426 +56.6800241
-0.6455744 +5.5147809 -35.7542885 -2.8840965 +49.0378472
-1.0435460 +16.4034276 +23.4205252 +0.9708176 +40.2316811
-0.4813324 +4.4799675 -35.1087884 -5.2877866 +45.5195885
-0.2441452 +3.8088580 -8.5734395 +5.0119330 +5.2837441
-0.5277176 +17.0379648 +56.1882133 +5.0930604 +3.8271759
-0.6351484 +1.3403318 -39.3137574 +1.0335722 +46.8142627
-0.2682314 +2.8992929 -26.0008509 -4.4893974 +54.1566502
-0.3244356 +17.3037392 +48.7149351 +2.2804246 +10.5531045
+0.5020246 +7.1280150 -18.6461211 +6.1106283 +18.5347729
-0.4086387 +22.7255893 +45.3785957 +4.3820437 +11.8941519
+0.0246412 +13.3797762 +53.9999037 +2.0197391 +8.9603355
-0.6601011 +7.4556581 -38.5342107 -4.0057508 +44.8993881
-0.6587849 +12.7311628 +13.7005754 -1.9925336 +42.7169193
-0.2881172 +18.1088127 +46.7797246 +6.6740929 +9.0985364
-0.5739461 +17.2286517 +44.5879818 +6.0112609 +13.1990740
+0.3768876 +4.6518613 -6.0898876 +1.5936177 +9.0678922
-0.2290046 +5.1157106 -40.0334982 -1.1244367 +53.4880858
-0.0039362 +3.8680089 -30.9813945 -0.4287978 +51.8381373
-0.2837820 +13.7972026 +46.0986060 +2.2159103 +9.3507365
+0.7791618 +2.9657955 -3.9221483 +3.9150728 +14.2858789
-0.9457574 +10.2678619 +18.2030933 +4.2001639 +39.8993885
-0.1845798 +14.7127983 +50.1336355 +4.4785525 +3.7138414
-0.2980058 +15.2539814 +41.1688220 +3.7979689 +7.0869670
-0.5343391 -0.2917325 -33.3173721 -1.8387148 +55.6722118
-0.1104264 +13.3325144 +49.6352724 +2.2634689 +9.6801837
-0.9237385 +13.7968426 +23.0725979 -0.4323172 +53.6080574
-0.0677990 +2.7330080 -10.7562544 +2.5699582 +16.5827587
-0.6990617 +11.7355421 +14.8839551 -3.4363431 +47.5290993
+0.0060517 +10.7522122 -9.9105245 +1.3111881 +5.8272021
-1.3488786 +14.6803718 +9.6273170 +0.7430719 +42.5162549
-1.4259459 +13.0825790 +23.8962296 -2.4354902 +47.5685278
-0.0377418 +13.4896353 +42.1331626 +5.1070764 +9.5409284
-0.8109606 +2.7030509 -40.2181323 +2.1071490 +40.7542849
+0.0593898 +6.2630113 -35.8454407 +1.3076351 +43.8778874
+0.3845514 +6.8692225 -3.9845368 +4.5734359 +4.9869187
-0.9669556 +14.9809636 +32.6627842 -3.7174966 +48.2214658
-0.8211207 +2.6028727 -43.7407403 -1.8329201 +46.4925000
-0.8573144 +13.2298297 +18.0994649 +0.6543816 +44.8358077
+0.1682842 +9.2367707 -6.5065517 +5.6348494 +15.6870747
+0.0115621 +5.7894507 -12.1347211 +3.6278720 +30.1930924
-0.6318473 +14.7112143 +47.4608630 +2.1327435 +8.7246988
-0.5389771 +16.5880415 +30.1732299 +3.0920936 +3.4421960
-1.4402543 +11.7614553 +18.4718151 -2.5790261 +47.4866694
-0.4864164 +21.1102995 +43.8211686 +7.4427958 +13.2032265
-0.6747931 +6.6887686 -38.4490698 -2.5537675 +55.0387949
-0.4135831 +6.5261732 -38.4691210 -0.8736597 +52.1413932
-0.9013611 +12.3196615 +54.0409227 +5.1214518 +1.8532004
-0.3838146 +5.8604693 -39.1435027 -1.8781679 +40.2055385
+0.1947600 +5.2828868 -8.6656508 +4.9131053 +17.7618311
-0.6163618 +6.7848874 -24.1958140 -4.2834774 +43.5502830
-0.7833957 +15.4746613 +10.8739745 -0.8573006 +63.6677066
-0.7061212 +2.5951290 -51.0089220 -1.7549369 +42.2542259
-0.1917776 +16.6120013 +35.4416052 +6.0881377 +8.7171121
+0.4326246 +3.1446458 -26.6617751 +3.5776571 +12.8653493
-0.1226984 +12.9658155 +43.6897565 +1.4400531 +16.2755222
-0.8893205 +10.9867990 +27.9814467 -1.5992860 +51.1780122
-0.4060154 -0.2755907 -35.0654468 -0.4562110 +43.2935364
-0.8361811 +12.4946219 +15.2541123 -1.3125021 +49.3332805
-0.4612005 +7.6784473 -25.8473779 -0.2856545 +48.0230337
-0.6145864 +7.1134567 -50.6408689 -1.5365185 +46.8974715
-0.4816282 +5.7023770 -23.7741122 -1.3999776 +58.6508307
-1.5103223 +10.6726646 +16.3036115 -1.2925842 +49.2105062
-0.1825052 +15.9160687 +55.8987207 +1.8733736 +2.2628687
-0.4065405 +14.6868830 +50.9790219 +1.0462665 +9.0990107
-0.4794962 +14.8233704 +47.7842734 +7.1136530 +9.8181027
-0.4770997 +17.8932703 +39.3134259 +1.7730044 -2.8984516
-0.6457656 +3.9838209 -38.2757695 +2.0345664 +53.1111518
-0.0333371 +6.0231986 -32.8327937 +4.4304014 +0.2143143
-0.0161690 +4.4886328 -10.3451293 +5.0659505 +20.0782424
-0.6300879 +16.0186486 +21.3451362 -3.7333822 +43.0505993
-0.5075800 +4.4301403 -32.9024537 +2.1304682 +41.4871104
-0.3190039 +12.4527565 +53.9433819 +4.5797137 +16.6157376
+0.5740217 +4.4708819 -20.1254571 +4.0136387 -4.5796464
-0.4344852 +15.8772759 +34.2069306 +3.8612703 +11.2560897
-1.1777741 +16.0475762 +10.8265760 -1.4056801 +50.2077534
-0.2777072 +13.3699978 +39.6298424 +2.8659764 +9.5306207
-0.1637821 +15.5898244 +53.6446785 +0.5692392 +11.4309827
-0.5231700 +2.6461909 -42.9985939 -1.3742513 +57.5354711
-0.5585643 +21.0164859 +32.4095776 +5.9355940 +5.5418946
+0.4113593 -0.1888922 -25.2823978 +3.3831599 +13.5874863
-0.7598307 +9.4518062 +44.4772716 +2.4070344 +11.6946877
-0.7943896 +13.2127391 +12.4519004 -5.3278981 +46.9656684
-0.3866909 +6.3955105 -42.1860771 -2.1876979 +50.0369414
-0.2925936 +14.3519776 +38.7307392 +3.0043728 +9.8000637
-0.2098495 +5.6441747 -38.3885394 -2.8674502 +47.5063201
+0.1981958 +3.8183318 -3.7972324 +4.1731949 +14.6032628
-0.9410017 +14.2107065 +17.9896561 -0.0201522 +48.0505187
+0.2991729 +9.9057598 +51.7053654 +4.8077729 +1.6729314
-0.3431369 +12.2812839 +38.6307610 -0.5520724 +5.7422461
+0.1833102 +3.9443091 -9.7433235 +4.8953739 +17.0207711
-0.8041022 +12.3167232 +19.1526140 +1.6903038 +41.3006973
+0.3484789 +5.3535104 -25.0712546 +0.9384567 +15.3805074
+0.0249544 +5.6562892 -27.9878513 -1.7233049 +55.3367116
+0.2055447 +2.3967593 -23.6622823 +4.3597521 +18.7222305
-0.3304299 +4.0247393 -35.9619845 -2.6384103 +55.6438102
+0.2283783 +9.4260798 -17.3600269 +6.6247885 +4.7302260
+0.3369105 +12.2281153 -6.3749646 +0.8466473 +23.8667883
-1.5103551 +14.2366423 +36.8195302 +0.2275137 +44.5990621
+0.0541891 +5.6249023 -16.4217566 +4.4749134 +6.6806330
+0.2623207 +4.2552392 -20.9828012 +3.3363092 +6.0476916
-0.8501661 +14.8238996 +52.9772729 +1.9245413 +1.8102864
-0.6664681 +15.6654642 +49.0524232 +2.0398261 +1.8546102
-0.4345376 +16.7616863 -5.6922925 -0.1298173 +39.0534268
+0.0564721 +2.5699364 -7.9667993 +7.1367134 +17.0752997
-0.1893437 +9.7642933 -17.0787830 +4.5994734 +17.0054432
-0.8411118 +15.1995156 +20.0889806 -3.1265771 +40.8250802
-1.2522877 +13.8393517 +28.1624351 -4.2856160 +43.1213255
-1.0376302 +19.9554402 +14.0581076 -3.3350002 +41.2870505
+0.6222531 +5.8194596 -15.5558698 +4.0465503 +14.4242438
-0.6149220 +0.6410509 -44.1840456 -0.1034785 +49.3619205
+0.6369993 +5.8496048 -19.9997092 +3.4712015 +14.1029563
-0.5653206 +3.0120785 -28.3383567 -3.3356133 +44.6771126
+0.2889460 +3.6821048 -16.6451779 +0.2276371 +17.4770635
-0.3864200 +11.6655228 +45.4370614 +6.4124956 +4.6905284
+0.1753622 +2.7199334 -21.2665626 +3.3151949 +11.9342597
-0.2873289 +7.2414079 -10.4493621 +3.3780075 +5.0752746
+0.4911810 +7.1633024 -7.7788372 +5.4916477 +14.7019947
+0.2623751 +6.4342656 -21.3290425 +3.7963478 +12.5916459
-0.6347141 +4.3383381 -46.5941122 -3.0859822 +58.6679562
-0.2726330 +2.4684795 -34.4041225 -1.8432243 +51.5217821
-0.6924885 +4.2972586 -14.9066707 +2.3596847 +20.1901482
-0.7618460 +12.3350140 +12.0571430 -2.3744013 +44.9266071
-0.9129700 +14.4543350 +15.6723781 -2.0804119 +39.4696546
+0.2681640 +6.7570465 -17.9380421 +3.0651513 +9.8799515
-0.2329076 +12.1688517 +25.7081307 +4.3414069 +10.1643747
-0.0933000 +7.3006253 -5.7782143 +2.6645114 +18.3728012
-1.1105801 +10.7029229 +33.8271349 -2.5536821 +50.6031909
-1.1843907 +11.7636395 +11.1731624 -1.0556925 +44.7609907
+0.0986980 +10.9477630 -12.8602000 +3.1093788 +11.2771257
-0.2880155 +16.1074934 +23.0721837 -2.5410867 +35.2359601
+0.0845711 +14.4048556 +42.8264028 +3.1981373 +7.1204369
+0.0991851 +9.1973268 -10.4718746 +2.9869993 +17.2936392
-0.3294889 +2.9784803 -39.5992488 -1.1073344 +57.5559844
+0.5086162 +3.1066135 -7.5227669 +5.3701947 +11.9908879
-0.4169134 +14.5810137 +42.1540132 +5.5401063 +17.0530634
-0.3477849 +12.7815664 +34.3531721 -2.4285165 +38.7299409
-1.0566779 +12.6603434 +48.2897815 +3.4921167 +9.6749926
+0.2315215 +2.4485075 -6.3404813 +2.9561065 +4.5228624
-0.5834014 +0.4607373 -46.0065712 -1.5110903 +51.2117705
+0.3172905 +5.3849968 -11.9747616 +3.9986846 +13.6181192
-0.6428913 +11.3371577 +10.3174588 +0.4044633 +46.2773355
-0.7940469 +18.3981345 +54.5240217 +2.9205086 +9.1393693
-0.4599211 +4.2136983 -30.2479254 -1.7029521 +44.1208598
-0.7649931 +3.1147156 -41.7113230 -1.6348013 +43.2208766
+0.4661282 +7.4764223 -17.1797500 +5.7790076 +7.9163126
-0.5405622 +12.4928247 +38.5965960 +6.2262407 +3.0938524
+0.6921487 +8.0902098 +4.5381047 +5.4046998 +17.5466220
-0.3722322 +4.4930045 +3.4679681 +4.5097685 +11.8004890
+0.3481631 +4.7043065 -22.9034012 +2.6519520 +19.9131282
-0.4104159 +5.7528891 -27.6881424 -0.1694730 +51.8751372
-0.6494778 +13.4032771 +45.5196426 +3.3509023 +4.4867332
-1.5275400 +12.9382232 +19.6648869 -2.0898930 +45.2677656
+0.3817065 +5.3985239 -12.4236346 +4.0146934 +14.4169057
+0.0045615 +3.8190254 -18.4273644 +6.8037373 +21.1622054
-0.2405249 +6.5092263 -36.8767381 -1.0506281 +53.8996085
-0.3713843 +3.1098155 -34.4013402 -0.9338730 +45.8770057
-0.3455974 +9.1558899 -38.2173119 -3.8936822 +55.9294132
-0.3598285 +7.5135776 -28.5599413 -3.8356401 +51.7124015
-0.0002318 +7.0014348 -3.8780982 +4.1917760 +18.3118869
-0.2132465 +15.9107062 +46.4540214 +2.6810694 +6.9550979
-0.5020486 +14.6784824 +59.0640700 +7.1074173 +13.2609274
-0.6288611 +8.8463501 -44.2358956 -0.6239012 +49.9221190
-0.0035028 +5.3637640 +8.0296089 +3.0460280 +16.3486409
-0.6658708 +13.1144840 +24.6843438 -2.4588740 +54.1675382
-0.1498700 +12.3394389 +41.2910107 +5.4212410 +8.7620172
-0.8005803 +15.0292538 +34.7501346 -1.9995394 +40.1756068
-0.8834192 +5.4064387 -35.9085124 +0.1221246 +48.1656460
+0.5320100 +5.1948191 -3.5380046 +2.4586569 +5.5651559
-0.4868055 +16.7817265 +6.7625178 -1.0680583 +45.8006847
+0.0817757 +5.3330523 -12.6457309 +5.2129291 +13.8938192
+0.0406343 +6.7591814 -5.2062923 +3.9886392 +9.1328093
-1.0690528 +18.7763411 +13.8984379 +0.3516200 +41.6210596
-0.0649474 +1.9520840 -23.8299171 -4.0947916 +52.7947563
-0.2957937 +3.1887840 -1.8353309 +6.1954316 +14.0229219
-0.6002028 +9.9264472 +22.4573195 -2.0135558 +44.9011076
-0.3613745 +13.4660897 +48.1116334 +4.7116542 +8.8599316
+0.1317959 +6.6632999 -22.4587775 +1.9323071 +9.2565877
-1.3457638 +15.0940124 +7.9793261 +4.0880420 +35.4678925
+0.1223332 +6.3327884 -19.0905472 +4.6826826 +2.2716914
-0.8246498 +4.3290031 -37.3871321 +0.6674080 +59.6376962
-0.4302696 +6.5701392 -30.8900491 -0.6179290 +58.0283418
-0.6638070 +16.7024182 +43.9384603 +3.1246553 +6.1608925
-0.4959754 +6.9171068 -32.3854613 -3.0271145 +53.2578505
-0.4002569 +18.0686374 +39.0894303 +2.3734222 +6.7422811
-0.0729881 +15.1399140 +59.4338232 +4.6162399 +7.1273364
-0.1158546 +16.2463668 +48.1454851 +1.2741132 +5.4691637
-0.8628704 +13.4860755 +46.6733780 +2.4019675 +13.2137157
-0.3163100 +5.6256991 -11.8791572 +3.5579872 +14.6794619
-0.8684515 +18.0857380 +56.1552035 -1.0226812 +4.3274013
-0.7917589 +3.2325406 -34.2552322 -0.6478027 +53.9502241
+0.1165847 +17.2323465 +35.2045381 +2.0861776 +3.9549710
-0.0498090 +15.1247962 +47.7191507 +5.6577164 +3.0750936
-0.5949294 +15.3616771 +49.2344163 +1.9568180 +16.9094044
+0.3673248 +16.9093833 +68.4802427 +7.2495854 +16.5280861
-0.3403674 +9.2716767 +41.0549526 +5.0364489 +2.8757742
+0.4201226 +7.9188997 -10.0739170 +7.2403544 +7.0260480
+0.1719800 +7.3913165 -14.2341922 +1.0611413 +13.4223846
+0.3486549 +5.8569737 -13.0318696 +3.5457883 +7.0909819
+0.2111700 +5.2718798 -15.8684383 +2.0882005 +15.8286127
-0.2857600 +4.2023606 -37.9885569 -4.1799587 +60.5097968
-0.5052716 +3.9040312 -41.0993859 -3.7563560 +43.6541097
-0.4967000 -0.3327936 -32.9252471 -1.2936733 +47.3970130
-0.0559649 +8.5714673 -19.5953638 +1.9909125 +16.5141406
-1.0129239 +15.5221762 +17.4171022 -5.6598172 +52.8003070
-0.8801502 +3.9698866 -39.2676880 -2.6580073 +47.4323510
-0.5250267 +0.0366638 -44.7912282 -2.6746862 +46.8748490
-1.0310190 +15.9111076 +33.8061680 -4.5303020 +41.6686363
-0.4287230 +10.4940924 +40.7991137 +4.7027313 +6.5185696
-0.8497999 +18.0818568 +49.9619032 +4.6713253 +10.5498436
-1.1108136 +17.0174780 +19.9725660 +1.4203489 +37.8167394
-0.0213989 +4.3174110 -30.5305865 +0.0759992 +51.4108043
+0.6608826 +9.1605995 -22.7049509 +2.7816230 +9.4191489
+0.1058168 +7.3512509 -18.9864964 +1.3177257 +18.1492668
-0.3332870 +14.4538937 +47.5667093 +3.6904859 +9.8693531
-0.6986079 +15.7889428 +49.0566434 +2.9683460 +13.3511172
+0.3138669 +7.2329184 -11.9886410 +5.0557620 +4.7314267
-0.4074169 +7.1519178 -50.6121678 -0.2047109 +46.1319401
-1.0202787 +9.7357307 +26.0401809 +0.3336067 +35.9310280
-0.4983898 +4.2861847 -32.5729156 -1.8987509 +46.3397417
-0.9442062 +19.3473792 +19.6144186 -1.1201097 +31.2048252
-1.0977489 +17.8824199 +22.2020651 +1.3681188 +42.0856424
+0.0470555 +5.4759184 -8.9532809 +3.3273693 +17.2658729
-0.5780349 +11.7480503 +40.4328165 +2.5818498 +0.7221878
-0.8562774 +13.3193017 +23.1663826 +1.4389974 +41.7628792
-0.7055844 +4.7979871 -36.8452964 -0.7890382 +58.0824090
-0.3672892 +11.1447631 -2.1701236 +3.1931253 +20.3290376
+0.2634369 +6.5241920 -9.1123125 +5.7770819 +9.7598030
-0.1343986 +15.8791227 +32.9450399 +1.8396837 +14.4020901
-0.4200251 +15.7472308 +44.8557554 +4.7619698 +12.1908721
-0.0154035 +7.5205711 -44.0211779 -5.1607663 +48.2949406
-0.7420716 +9.8493474 +12.6303969 -0.7987317 +46.9341260
+0.1440157 +6.8808558 -6.0637127 +5.4122753 +8.7423890
-0.9741565 +15.0902805 -0.3451895 -0.7634178 +50.3293057
-0.0085662 +9.5301711 -9.9112517 +3.2237033 +18.9144152
-0.2946898 +14.5057624 +41.0508598 +0.0979615 +8.4023398
-1.1372397 +15.2450123 +20.2974527 -1.8509034 +48.1854822
-0.2110411 +5.0136364 -21.1272838 +2.8297004 +21.6949225
+0.2007709 +2.5491887 -50.6907568 -2.0886520 +53.9863489
-0.3380037 +8.6295456 -44.2531857 -1.8268982 +58.2932935
-0.8142838 +16.6713823 +26.4677975 -2.6727712 +42.3392347
-0.9680923 +15.3621786 +13.2833969 -1.9112339 +39.5508739
-0.1346039 +3.3003734 -35.2445424 +1.8591229 +44.5911571
-0.3895155 +20.9122821 +60.3809609 +6.3632825 +14.9312535
-0.6028289 +15.9969429 +51.5219224 +3.4265305 +3.0174151
-0.8662925 +6.0859316 -34.8777626 +0.0341084 +49.5022778
+0.1028761 +5.4092881 -35.4569530 +0.7453212 +58.2859788
-0.3526204 +18.8747236 +40.1344473 +0.8782858 +6.2612940
-1.0939469 +18.4886637 +9.7979209 +0.5800267 +39.8176826
-0.7212729 +14.1606866 +26.0582060 -1.3389437 +48.6240775
+0.4043386 +5.3675213 -15.7668165 +2.3469783 +3.5346460
+0.7150352 +2.2836741 -6.9562852 +4.9906561 +22.0247267
-0.1602888 +1.9305484 -22.0489205 +6.8068480 +9.2877904
+0.4446972 +5.6207507 -15.6107290 +1.9686443 +23.4006511
-0.7484462 +16.6739363 +21.2091794 -3.3138193 +37.0564883
+0.0413232 +6.6681952 -9.3260166 +4.1682567 +14.9653385
-0.1275914 +8.3449777 -15.9959106 -1.9531485 +23.0404648
+0.0739534 +5.2053528 -10.5169481 +7.2863052 +10.4061756
-0.3514843 +14.5607169 +37.2989691 +2.0627625 +11.8110155
-0.6761671 +12.3522483 +39.3094537 +7.2220063 +12.9454536
+0.0049605 +2.7784953 -13.6006037 +4.2529768 +15.3395274
+0.4045035 +3.7915267 -12.6060916 +2.4168179 +8.6191522
-0.5857559 +5.5670923 -29.2606374 -2.6781900 +58.7157024
-0.5653201 +15.9448945 +49.9261131 +2.2824593 +2.3466776
-0.7077960 -0.0484463 -45.0419460 -2.4154917 +43.7059215
-0.8275937 +12.1287073 +19.9582634 -1.4966510 +46.1571724
-0.3776249 +9.9746093 -1.9748237 +3.4359367 +7.0668033
+0.1983507 +3.3398660 -14.9065194 +7.7584456 +11.3513581
-0.2522488 +3.1836229 -38.2699113 -2.8140105 +44.1694444
+0.0704588 +7.6713861 -22.5180968 +5.9448885 +19.6469630
-0.7009075 +15.6253170 +60.5078886 +2.4811315 +9.8171513
-0.0744346 +5.2130480 -33.8003394 -2.4196481 +49.5714567
+0.1397059 +9.3411867 -20.7460723 +2.6368435 +18.0570219
+0.5564839 +5.0942341 -14.5450361 +3.7994668 +5.2290462
-0.8550087 +16.3136539 +24.0073241 -3.7375268 +49.0994354
-1.4160600 +15.5781803 +25.3698353 -4.4053080 +40.1473918
-1.1655826 +11.6740487 +27.3343820 -0.8591999 +48.2759795
-1.1035288 +6.4365473 -56.4404082 -6.0560018 +55.0144026
+0.2086991 +8.3824001 -16.7955916 +4.8581654 +18.9975928
-0.1011054 +3.0944853 -41.0751770 -2.8694775 +49.4128805
-1.2404379 +15.6662603 +14.3357995 -3.8800915 +56.5442242
-0.6489612 +6.7106565 +25.8756050 -0.0070164 +40.5208133
-0.9134860 +15.5767042 +19.7457556 -3.8496165 +47.3041535
-0.8425896 +11.1966186 +54.8779251 +4.1821383 +9.4131573
-0.3023503 +3.5626403 -34.4440455 +0.0168992 +54.8131502
-0.3596068 +4.9177614 -29.1052661 -2.0250427 +59.2026145
-0.7833168 +2.3892688 -34.0525337 -3.8680512 +59.4094019
-0.9445587 +12.6995164 +32.0200407 -3.0388182 +40.4286186
-0.6952079 +16.9462319 +48.8156796 +3.7922550 +5.2728829
-0.4026384 -0.8357284 -43.7954720 -3.4501962 +50.8671140
-0.2761015 +6.0055446 -26.6255403 -3.2163890 +50.8834219
-0.1794446 +8.2466460 -35.7839655 -3.7395461 +54.1809322
-0.2405601 +3.3121349 -45.6542212 -3.1361704 +57.6368538
-0.1755132 +4.0755338 -41.7188761 -2.6782000 +47.1080565
-0.1579112 +2.5969648 -14.1063555 +3.1222092 +10.3826079
+0.5027484 +3.8530992 -3.5069132 +2.9026651 +15.3919786
+0.2981318 +4.7016773 -7.4086121 +2.3406240 +15.9290070
+0.2887216 +3.5547892 -13.7064145 +3.1343602 +11.4092380
-0.8007706 +14.4609666 +11.7627255 +0.5914665 +49.8760428
-1.1364980 +13.2365731 +27.6619390 -0.4719029 +47.6320830
-0.1298959 +5.7728346 -45.0578327 -1.9472891 +45.2633070
+0.3521430 +3.3272338 -14.5284405 +1.5646301 +4.7663857
-0.6388665 +8.0356600 -37.1041379 +0.1873988 +55.9250336
-0.0307201 +6.7082037 -40.2921162 -1.5885370 +38.3296746
+0.3613681 +6.9752668 -15.3426723 +2.1347628 +8.5888782
-0.6271070 +13.5961025 +20.4446191 -1.8406721 +51.1961115
-0.5422921 +14.8401206 +12.6224430 -2.3268708 +45.3011161
-1.0333974 +16.2180108 +20.9888290 -0.4859140 +48.5473043
-0.3593117 +18.0482583 +40.6585786 +5.4409034 +13.1705245
-0.1281893 +16.0864943 +48.7997657 +2.8986137 +12.9961025
+0.0962546 +6.2051997 -13.1553462 +3.4644620 +13.2868839
-0.4358180 +15.8011592 +50.6753807 +3.9545531 +9.0439262
-0.2936424 +13.1475410 +46.7356757 +0.9644656 +2.8607523
-0.5881245 +17.0002628 +53.6905771 +3.4411153 +0.0194776
-0.6306008 +17.2292049 +57.1082890 +4.0764946 +18.3371340
-0.0408525 +7.5924534 -25.0843239 +3.7561276 +0.1298592
+0.0663395 +6.5626118 -17.6344538 +4.7218939 +10.0789060
-0.6026726 +12.5229758 +15.9418289 -1.3302322 +43.9347028
-0.4776134 +2.4575352 -44.7576661 -1.5723699 +47.4262862
-1.1206210 +16.6867618 +24.7890677 -0.6303504 +47.8894135
+0.0735795 +2.5284744 -19.6003267 +1.4414226 +13.1235396
-0.6140514 +19.5847017 +26.6189553 -3.1906679 +36.0147090
-0.8587122 +14.6350120 +57.3951240 +3.1272271 +5.5453107
-0.8998864 +12.0044065 +24.9114732 +1.1322732 +45.7207344
-0.4055461 +8.6508790 -42.8564301 -4.7404777 +47.5501374
-0.9351308 +12.7810055 +32.0106241 -0.0276374 +37.3059704
-0.1968604 +10.5713755 +44.6920198 +3.9036285 +2.4193833
-0.2843949 +14.7295528 +38.7572077 +4.7761871 +10.6142090
-0.4637670 +13.0388773 +47.3699819 +5.5667187 +4.3790270
-0.4915893 +6.7100784 -32.2802612 -3.5967878 +51.3879705
-0.4739758 +17.5008733 +41.9001271 +1.6010314 +12.6401760
-0.5293152 +14.8833754 +56.0362315 +3.9974843 +5.2545829
-0.1980358 +6.5705105 -17.8736181 +2.3105732 +10.5106421
-0.0518464 +6.7709075 -3.1774250 +0.6631499 +14.6641077
-0.0333312 +2.8984795 -18.4328244 +4.3821766 +14.9283163
+0.1516161 +3.8567086 -12.7806035 +4.2997949 +5.4010215
-0.3285196 +6.3566974 -39.1606948 -0.8674598 +60.1941260
-0.9608922 +14.6013283 +25.7248663 -1.3451100 +47.8381429
-0.8547515 +13.4481273 +21.1622015 -2.1445120 +40.4351490
-0.8676616 +11.1659458 +29.6571639 -0.9001697 +56.3376871
-0.1608295 +15.4844553 +51.6731339 +3.4273977 +3.2213146
-0.7023838 +15.8188120 +42.4167698 +7.0138486 +15.5611776
+0.3117137 +6.2168621 -16.6105026 +4.1889322 +7.8839123
-0.1414331 +7.1038273 -45.5946990 -4.4030053 +51.3542763
-0.7398440 +16.9375641 +18.8308993 -1.8035758 +40.8452414
-0.6265117 +12.9637041 +26.4166681 -0.7866715 +44.3034130
-0.7559838 +14.7172660 +38.1208863 +3.3152620 +4.5906717
-0.6801789 +2.8427967 -18.3419528 -4.3656569 +54.1190975
-1.2529493 +11.3659251 +27.6637085 -3.2175896 +52.5339964
-0.3434641 +17.9393666 +37.1948535 +3.0691201 +16.9750787
-0.7705532 +4.2335660 -44.6489585 -0.6776008 +51.8188604
-0.4747643 +3.5599282 -33.7173009 -2.6127006 +53.1903430
-0.7081713 +8.2223111 -43.6091828 -4.4587012 +42.2424398
+0.2431663 +3.1258299 -6.1697970 +2.6521221 +5.2798534
-0.6327489 +6.1383564 -41.2183227 +1.0204496 +51.4320724
+0.6431678 +6.2919647 +7.4378402 +2.2683562 +6.9830249
-0.3603601 +6.2485284 -41.2713596 -0.7672749 +45.7590088
-0.2635060 +7.8328051 +28.1079186 +1.8047720 +44.3611494
-0.0624491 +7.0880647 +1.2486747 +1.6606285 +12.6717668
-0.5317208 +4.9946950 -44.3568618 +0.8733795 +52.8465641
+0.5997431 +5.7008806 -17.1287072 +2.7809881 +16.4930225
-0.5929376 +19.6068968 +9.3180323 -1.4075039 +48.3267916
-0.5916470 +15.0847007 +43.6665695 +4.8103627 +10.6366326
+0.2876295 +5.1938680 -9.0607302 +5.0928039 +6.6032084
-0.5856205 +15.6447820 +44.9251335 +3.5905436 +9.0588280
-0.8501954 +15.5491190 +12.0600987 -1.9135775 +47.5191666
-0.5377641 +15.7281832 +11.0950922 +0.5715082 +45.0517829
-0.7292041 +3.3900053 -31.7432292 -0.3083369 +45.9557087
-0.5028065 +6.1976838 -26.1031992 -2.8152061 +54.2614426
-0.8110411 +3.0100725 -34.7300478 -0.4077128 +55.1900209
-0.4698362 +12.6861707 +47.9762297 +4.7666762 +14.5561719
+0.1607719 +6.7271590 -31.4108025 -1.5147664 +51.8299323
+0.2345104 +9.1558194 +2.4882124 +2.1783875 +12.7694512
-0.5657099 +16.2086247 +34.8516149 +2.8937086 +12.1942554
-1.0141232 +15.2411464 +15.4214267 +0.8422464 +41.1837726
+0.3493637 +16.6735799 +42.4583477 +5.2310184 +4.6358045
-1.2182388 +10.0884413 +18.4818476 -0.9367869 +47.0530936
-0.4073889 +7.5135188 -40.8624240 +0.2194389 +63.0027098
-0.0568444 +8.2730926 -32.7255786 -4.5498747 +56.5290725
-1.0788501 +17.2866478 +23.6397659 -2.2312727 +49.9942430
-0.5775791 +4.0763654 -40.2388985 +1.3002676 +52.7142243
+0.0909738 +11.7689241 -5.7649016 +3.3477019 +15.4494399
-0.5690551 +8.2013805 -34.8365027 -3.0459563 +48.3777433
+0.1471960 +6.6287262 -25.0512272 +3.0410019 +7.5203654
-0.5766422 +3.5562355 -25.9385791 -2.1962063 +51.6355410
+0.3685039 +2.2368921 -6.2787768 +5.4131358 +10.3994030
-0.2068709 +14.2741200 +47.0509895 +4.2011189 +5.7830805
-0.8586904 +13.3508668 +21.9016212 -1.8735226 +45.3785428
-0.3461211 +1.7424825 -48.5974210 -1.0127907 +51.5089302
+0.0330326 +15.7984570 +42.5536719 +2.1074763 +5.4787246
-0.9993018 +1.5057326 -36.5181251 +0.3219585 +46.5431723
-0.6393460 +12.2332608 +23.6281371 +0.6259557 +57.7530078
-0.8607374 +7.6755251 -42.4314100 +1.5104471 +48.7625804
-0.3831264 +7.8192134 -29.7355693 -1.7397744 +36.8187543
-0.7173199 +15.7631787 +27.2402020 +1.4083496 +43.2260625
-0.6757678 +3.9362576 -42.0500787 -1.8066610 +49.4418040
-0.0649078 +2.2460502 -22.2634849 +3.5068273 +17.0030445
-0.9529339 +12.1910176 +1.9256991 +2.4883014 +44.0490178
-0.5973627 +16.5052596 +43.2268155 +6.2435445 +7.6108847
-0.3483008 +18.5900197 +41.4029877 +0.8725464 +19.7576037
-0.5747734 +0.2348621 -35.1458956 -2.3913085 +59.0702401
-0.6725544 +16.0784842 +44.1694019 +4.8761574 +4.3301908
-0.4888400 +7.7306358 -38.1571188 +2.5731682 +46.0753742
+0.1748131 +5.6668392 -5.1794389 +4.2150836 +6.0330032
-0.5075723 +1.1335569 -39.9310901 -2.9076606 +39.7647341
-1.3244666 +12.7414327 +10.9228280 -1.5793423 +40.0639047
-1.1662645 +16.2444444 +8.3366000 +0.4923414 +44.5985677
-0.5121684 +17.6206181 +35.7055913 +7.3832329 +6.3348852
-0.1419359 +3.2367390 -35.7934782 -0.6670693 +53.6776465
-0.2653256 +4.7355000 -44.9923406 -1.2995405 +50.0215551
-0.3206568 +9.7994937 -46.4942196 +0.3547101 +44.1880949
+0.2806110 -0.4674411 -29.7415139 -1.5348837 +46.8161033
-0.2776416 +6.8127979 -11.3997262 +3.1065736 +15.5475911
-0.3437824 +5.0079259 -28.9294772 -2.7083133 +51.0526997
-0.7427655 -1.0595887 -31.9629178 -0.1826968 +51.0831845
+0.1797494 +8.0910432 -23.6781830 +2.1049694 +14.5663250
-0.3999235 +4.9194542 -50.1676406 -0.8579349 +45.6052971
-0.3743439 +4.2316155 -29.6647759 -2.2708801 +54.8056318
-0.0190757 +7.1256531 -10.6544875 +2.5473622 +13.5353844
-0.7175772 +13.3120242 +21.3481677 -4.8150850 +48.3377672
-0.0858996 +3.9115565 -6.1284843 +5.5220270 +12.0266982
-0.4445695 +15.3307192 +25.0114096 +4.0461785 +9.6707863
-0.4469739 +5.3662763 -8.5002891 +3.2951792 +6.0103608
-0.0986633 +5.7638587 -16.4293769 +3.8063403 +11.3553972
-0.8452753 +4.2749104 -45.0009060 +0.9540403 +54.7177039
-0.4394419 +14.0477839 +43.2050948 +4.4912513 +12.1903893
-1.5440038 +14.7709639 +26.7318738 +0.1512335 +48.9929488
-0.3900833 +2.8090628 -38.1077811 -3.2461834 +57.8825646
-0.6935812 +6.7010015 -42.9735707 -5.0829576 +52.5061294
-0.4982624 +3.8951776 -35.8751235 +2.6861435 +52.7839721
-0.5362352 +16.3141432 +52.9193990 +5.5235580 +3.3148745
-0.8062014 +13.0210871 +24.6525642 +1.4134060 +50.3490319
+0.1387178 +4.2764491 -9.5492793 +3.0041866 +8.9673494
-1.0835255 +13.1865306 +24.5745386 -1.6398418 +43.3915247
-0.8400452 +6.4351749 -34.9277075 -3.1204285 +48.1411230
-1.1391839 +17.5788200 +22.5111885 -2.4389773 +47.3011049
-0.4654514 +19.1318219 +58.2385421 +4.0046325 +3.6640252
+0.3771338 +10.5097386 -19.6917208 +5.4599585 +8.7387508
-0.9208638 +7.6123067 -29.0875651 -4.0297806 +50.4823348
-0.6425288 +2.8199825 -29.6376573 -4.1131592 +43.7687056
-0.1256863 +21.5145899 +30.6635459 +3.6595217 +6.0775861
-0.9516141 +11.9716541 +24.6322108 -0.0303238 +49.8547248
-0.1902573 +9.1998964 -44.4502044 -0.1025003 +54.1932660
-1.2097364 +15.7273428 +15.1265035 +2.3444517 +44.7052294
-0.7945398 +11.7322468 +25.3001232 -5.5044824 +57.6931633
-0.5335985 +16.5258261 +36.1423318 +4.6010002 +16.4334129
-0.1411929 +17.4782680 +39.1411712 +2.6826665 +2.4222619
+0.2316650 +15.1021337 +29.5315999 +0.3076394 +8.0125071
-1.0315820 +11.2334240 +7.9067190 -3.1045479 +43.1443337
+0.5544942 +1.1452859 -21.1716915 +8.2006498 +10.6884501
-0.8004397 +17.6455431 +41.2426116 +4.2795364 +3.6471849
+0.4254268 +4.4802322 -2.9108054 +1.7030565 +15.1774435
-0.8129894 +4.1880819 -37.4358066 +1.5524141 +56.4206871
-0.8546083 +15.6423329 +13.1522060 -1.8719896 +47.2501353
-0.0001487 +6.7513327 -10.5757686 +2.3829057 +20.2025977
-0.3629144 +4.1345214 -42.5088696 -2.4013247 +58.8198442
+0.3886718 +6.2406722 +0.2363786 +1.9898554 +24.0790149
-1.2480941 +11.2734209 +16.5367157 -0.7696850 +48.0205530
-0.3720596 +6.0281969 -27.1737191 -2.7811322 +52.9157971
-0.0622358 +5.6354761 -2.8115565 +2.2668195 +12.3861646
-0.6557802 +14.6337270 +29.8899149 -0.8169667 +42.5394854
-1.2150270 +12.1718523 +14.5582377 -2.2856198 +31.1581806
+0.3353256 +1.0172928 -4.0813118 +7.9712612 +9.2038023
+0.0769233 +5.8385245 -5.6476788 +2.2728116 +9.6252180
-0.0134599 +15.5907465 +46.3729409 +4.0545532 +8.6700437
-0.7756344 +0.5614496 -38.4314012 -1.2527526 +58.6991674
-0.1336540 +15.3048967 +49.0582848 +2.8968375 +3.3549936
-0.4169035 +6.0644291 -34.9347231 -3.8452866 +47.5610171
-0.5156500 +17.6947080 +27.9467433 +5.4616600 +4.9540062
+0.2280234 +6.6230800 -12.0685590 +5.3205479 +5.8777255
-0.0858994 +6.1922757 -47.8476226 -3.1568966 +48.9346198
-0.3363429 +2.2320802 -40.5428102 -1.5743313 +51.4624509
-0.8436326 +2.9529482 -29.0800556 -0.9879799 +53.0167914
+0.0931948 +7.1635941 -5.8359908 -1.5437597 +7.8708524
-0.5817770 +16.2567984 +40.7052822 +3.7224207 +3.0986245
-0.6733839 +13.9019107 +44.0192831 -5.5655242 +50.7445498
-0.9046679 +12.3716664 +23.1696364 -3.5055310 +46.4166241
-0.9619975 +16.8686616 +8.8674679 +0.0536472 +58.7104146
-0.7581417 +20.3813221 +39.5806831 +3.6306017 +8.8663886
-0.6070538 +16.3744341 +53.4299670 +5.0573776 +14.3102721
+0.1312905 +8.3668218 -6.2902261 +2.5216920 +10.2142101
+0.2827677 +0.8081438 -6.7206945 +2.3053075 +9.0550707
+0.7257339 +6.0199582 -14.4864089 +3.6182883 +5.3685871
-0.6491178 +13.3196989 +48.7841736 +0.5914422 +5.2288630
+0.4198448 +5.5638845 -12.4088824 +4.5083929 +19.7737823
+0.2291488 +4.1586067 -8.9473822 +4.4136443 +14.0470963
-0.0829816 +3.0801147 -7.3090962 +4.4939424 +10.9871815
-0.1464885 +9.7350767 -12.5331732 +3.6517835 +12.1051136
-1.0576042 +16.8735995 +28.8003236 -3.1268790 +49.8686260
-0.6084432 +16.2289315 +51.7729368 +1.5192656 +10.3362573
+0.0346220 +1.7450730 -2.2781402 +4.7205907 +14.6017019
-0.0104793 +5.0479683 -26.7901269 +1.2880135 +6.7845400
-0.2498202 +12.6058476 +43.9817966 +6.1865922 +10.4733063
-0.1813358 +3.4835175 -21.5365395 +1.4073253 +9.9954803
-0.8963722 +19.1080445 +17.1070793 +0.8405412 +32.9450134
-1.3425973 +12.0291334 +17.9101243 -5.5285357 +53.5350627
-0.6568938 +18.6972416 +30.0315571 +4.9200600 +9.5759600
-0.4809274 +5.7635105 -33.0344434 -1.6320828 +52.5204475
-0.3512476 +4.2233052 -43.4732065 +0.5195245 +53.1368680
-0.1290439 +2.8524435 -35.8109878 -3.9527412 +46.7579436
+0.2123470 +7.8480284 -10.1120312 +4.6799043 +15.9059894
+0.4657874 +5.2735477 -20.5437192 +4.1431550 +10.2953643
-0.3507179 +4.1268864 -6.3571804 +4.5446568 +18.1475735
-0.1827077 +5.4727094 -27.1095120 -0.0039828 +48.5655812
-0.6055840 +15.9231370 +18.1129749 -5.0608383 +48.1450208
-0.1438877 +13.4688671 +39.2641311 +1.5699844 +10.8380684
-0.6705749 +21.5802716 +41.8023120 +6.4398832 +6.2927234
-0.5376477 +15.4454617 +44.2874493 +7.3730370 +11.4368110
-0.1527993 +7.1683131 -36.9797354 -4.7659430 +54.1844970
+0.3849757 +13.7644932 +43.5862202 +6.1594742 +6.2094103
+0.5814398 +0.2678086 -2.0959329 +5.3452453 +11.3510281
-0.9312445 +11.1515226 +21.8252003 -4.1186548 +47.7710153
-0.9834703 +15.8496139 +49.4181569 +3.2087502 +10.0162875
-0.1344845 +3.6750696 -31.5706488 -7.8322128 +52.6247451
-0.4124341 +20.9848888 +35.7489596 -0.1578194 +0.0685605
-0.8327268 +16.2428833 +19.1467129 -0.5465315 +52.7381811
-0.8271603 +15.5553225 +46.3023188 +5.9545344 +7.9326597
+0.1633961 +6.1161884 -3.8867407 +5.1329322 +25.5706807
-0.2905200 +10.0881518 +5.6813977 -4.4477784 +39.0595218
-0.1911765 +4.4645415 -2.6619693 +4.2702099 +14.7302814
-0.4810961 +20.3730628 +43.2973501 +4.1225938 +8.8532331
+0.0847006 +5.6298620 -20.5304101 +5.5512127 +11.5571428
-0.3406563 +5.3606795 -30.9753034 -1.6297200 +52.0689412
-0.7113323 +11.2672871 +21.9639213 +1.7758830 +39.8999258
+0.5319794 +2.6502628 -9.4563788 +6.5509740 +1.9155503
-0.4120722 +12.9771787 +44.3201110 +7.3976997 +13.3167636
-0.6051099 +1.8963058 -27.1403975 -7.7964076 +58.4664723
-0.2931007 +16.5692009 +49.5989696 +1.0940113 +9.4488286
-0.9983645 +5.7617856 -41.7908565 -3.1042293 +50.2611249
-0.5342325 +18.7254961 +22.8504465 +2.9130639 +4.4437020
+0.3367821 +4.9367777 -15.1679545 +5.8724688 +9.4324532
-0.5470263 +3.9333227 -33.2233768 -5.1194045 +39.9576384
-0.9148765 +13.8487192 +26.1951154 -3.4851239 +48.0727005
-1.1125825 +15.9134697 +10.5836138 -2.1608421 +46.2001290
-0.3764320 +19.0966106 +33.0145586 +5.8292146 +14.0492472
-0.1479183 +13.3245231 +50.9916621 +3.3999582 +19.3664402
-0.2189244 +3.6708391 -42.8211148 -1.4947208 +47.6578122
-0.2617146 +16.2868524 +47.0873661 +2.0067453 +11.8197806
-0.9526993 +13.7591176 +21.5103591 -3.8949330 +46.0573519
-0.9011863 +4.0072537 -36.1080040 -2.0451103 +59.2368182
-0.9070640 +15.3209768 +15.3095853 +0.1823312 +49.8336728
+0.4086804 +3.5044871 -12.3127025 +4.6876268 +5.7696570
+0.3133757 +15.0416758 +36.8615879 +1.2945837 +8.7667463
-1.1363360 +13.6413791 +26.9429861 -5.0868266 +51.5355814
-0.1542835 +6.0618324 -38.8415283 -1.1904435 +47.1993585
-0.4663404 +14.9106636 +45.1831482 +0.5027230 +9.6219927
-1.3712907 +13.5753601 +13.7216010 +1.6950364 +44.1267347
-0.9702009 +7.7457107 -30.0396901 -1.3452094 +55.6125394
+0.6372441 +8.1110816 +1.1833583 +6.0494168 +11.1659593
-0.4614065 +3.2248963 -29.7590502 -2.9144386 +44.3700345
-0.6732836 +10.6432384 +7.0540672 -1.9526752 +45.5326520
-0.8909170 +13.1386231 +27.5462155 +0.7367214 +47.2629838
-1.1057177 +12.0717389 +28.9564913 -2.6611595 +45.5699214
+0.4445895 +4.2812808 -10.2478352 +1.1136891 +18.6344275
-0.0120161 +2.7931480 -16.3063827 +5.0825325 +4.3115004
+0.2064688 +7.9607068 -11.8339973 +3.4050878 +17.3497256
-0.3697819 +14.6909166 +32.5426184 +4.5555460 +6.1914096
-0.9303331 +15.5252376 +28.1451926 +0.1046279 +39.6743121
-0.4433892 +3.2191417 -42.9777048 -4.0084563 +58.3325077
-0.1964462 +2.8155527 -14.0172005 +3.9710608 +18.3016633
-0.8664664 +6.3747654 -27.3105460 -0.9942463 +55.6555881
-0.5456594 +12.2637734 +61.5001583 +0.7237877 +10.1798433
-0.1226646 +14.8411949 +40.7846909 +2.6908897 +8.0342985
-0.4538263 +14.9849536 +30.5715378 +2.2705923 +8.2515032
-0.9660564 +17.6802567 +24.2238103 -2.0989233 +50.9058454
-0.0448047 +10.5673101 -48.1279424 -1.2597059 +60.9777730
+0.1658843 +9.1263210 -12.4232999 +5.6703979 +5.8823818
-1.2719815 +15.7132408 +20.1813580 -2.6541981 +49.2887784
-0.5627693 +12.0266679 +11.7587447 +0.1282748 +46.6387934
-0.7640940 +4.2313045 -37.8835005 -4.4394116 +43.3077294
-0.1208558 +5.2653354 -15.5190887 +2.4466332 +18.5871598
-0.2491261 +3.4914859 -43.0252554 -2.5470566 +46.0870288
-0.7148879 +5.5852782 -39.6624211 -2.3975090 +41.0122010
-0.5887993 +13.4169606 +30.7181863 +5.4182984 +8.4105656
+0.0608113 +6.9808524 -15.6372411 +2.8638827 +12.8225258
+0.5656529 +5.0247625 -18.2178949 +1.2382194 +6.4006468
+0.3911438 +7.6330571 -23.1093786 +3.9366255 +13.8058786
+0.2749852 +0.6096498 -10.8729930 +4.7100652 +22.5279938
-0.6722869 +14.8668742 +12.5227991 +2.5752080 +46.6395296
-0.5679868 +3.8939950 -40.4945564 -0.5380830 +50.7861739
-0.4136502 +3.8207277 -51.0089793 -1.2733412 +46.7881106
-0.5594284 +4.1120875 -26.9330509 -3.9354802 +54.5664000
-0.6213979 +13.7231284 +12.3532511 -0.4514833 +49.9667206
-0.8035064 +1.4944923 -33.2526648 -1.3515010 +49.4460252
-0.3437887 +7.3186502 -42.4349455 -1.4500090 +46.0632906
-0.9452110 +13.2085537 +11.4476052 -1.8731321 +43.9471822
-0.4280015 +14.8808247 +31.1467026 +5.5718579 +7.8228704
+0.0033156 +15.0057273 +38.6921444 +2.9693332 +6.2315676
-1.0552038 +13.1272381 +26.0503567 -0.8001854 +58.0145889
-0.7029999 +18.5924468 +32.7337828 +3.5144199 +3.3277192
-1.1524357 +13.7847081 +21.8927920 -1.5189342 +48.9028819
+0.0770532 +3.3335026 -43.8237989 -1.9205046 +48.6602459
-0.0946239 +16.5789416 +46.6619764 +3.0229854 +13.0243312
-0.2124226 +5.4556255 -41.2647843 -3.7192869 +52.7711938
+0.0426902 +6.1972304 -40.9945752 -3.3647243 +49.5532965
-0.2917432 +11.0764774 -43.1198220 -5.8806588 +47.3532162
-0.6250509 +19.7411969 +26.7658469 -1.9571919 +40.2690094
+0.8794477 +5.0362012 -18.3704931 +4.1261216 +20.5455813
+0.1214086 +10.4634026 -17.6212851 +4.3091465 +12.8455471
+0.0803955 +2.2972077 -21.0919486 +4.1938630 +10.2940082
-0.4437608 +15.6975259 +46.5811633 +3.1348799 +1.1453579
-0.1933760 +3.7286499 -57.0246583 +0.7160226 +47.0145896
-0.2995617 +3.5820774 -31.1509123 -4.6155264 +40.6618559
-0.8098826 +12.1177611 +27.4970680 -2.1478496 +42.1479033
-0.4914463 +1.6199446 -36.3467749 +0.6118921 +47.0026763
-0.1470536 +2.0591729 -44.7682575 -0.5640000 +49.7536812
-1.0165833 +14.5413055 +20.1508627 -2.8040146 +36.5879742
-0.0567582 +16.4563439 +37.1257837 +7.1917170 +13.9314174
-0.4908683 +5.6173565 -35.5029737 -0.7497843 +54.5021226
-0.6817673 +12.6487463 +24.9023554 -2.4916356 +54.3747341
-0.1097840 +8.2719447 -34.8390939 -5.7919789 +41.2828725
-0.8027089 +7.0540812 -37.9616267 -0.2300011 +51.3937141
-0.5570397 +19.4790496 +37.2117066 +2.4943470 +15.5874329
+0.3641412 +8.2733435 -14.5470883 +3.7086994 +10.3510770
+0.4445791 +1.9233196 -9.2741506 +2.9740166 +8.8557171
-1.0544834 +12.7230601 +2.0464487 -1.2929106 +48.6506581
-1.1725407 +13.4554809 +14.6119994 -2.7610830 +51.9496324
-0.4180498 +15.2018377 +38.2387204 +4.8991197 +6.8853942
-0.2510502 +4.0317774 -43.8607563 +0.0918988 +36.0123289
-0.4445260 +16.5116638 +51.3327066 +5.9449786 +10.7132084
-0.8163796 +16.5616865 +41.5514522 +10.3605575 +0.8180017
-0.8608729 +1.6544737 -26.8961207 +0.0211364 +52.4161429
-0.3284562 +3.3226672 -42.6966880 -1.0926556 +54.3753406
-0.5277373 +2.8943335 -35.6012063 -4.8450522 +49.0646322
-0.5314315 +16.3250831 +49.8774516 +3.3448449 +12.7286537
+0.6121454 +8.3754463 -10.3437039 +6.0688879 +13.4095440
-1.1269271 +19.0808796 +15.5217350 -5.7759133 +58.8558839
-0.0997932 +5.4900506 -15.3790097 +3.1082402 +7.0653809
-0.3053752 +6.5262054 -35.0016845 +0.0133445 +41.7142159
-0.3496723 +18.4601051 +46.1177162 +5.5717866 +2.7496998
-1.2068649 +11.4257805 +12.6591437 +0.0920889 +47.9039175
-1.3778447 +16.0161932 +18.9784415 -1.2121009 +47.2651712
-0.8018286 +14.0480259 +8.2173192 -1.8038431 +40.6175654
+0.4572499 +3.5605021 +0.8958750 +4.0772683 +19.2649566
-0.8186979 +11.2952669 +11.9936606 -2.6007163 +45.2790025
-0.3754839 +11.5883986 +49.2199535 +3.2712300 +10.2845110
+0.5155454 +8.6338823 -15.0831680 +5.5728310 +15.6638514
-0.0344404 +7.1658142 -13.6568942 +2.4989468 +15.1603310
-0.4250231 +14.3294461 +44.7826914 +5.8459196 +15.1752051
-0.6872082 +6.3245371 -36.5739024 -2.6110309 +52.1184732
-0.4367730 +18.8087689 +38.8050506 +2.2953482 +9.6499314
-0.1887073 +17.0510770 +32.9891566 +3.0746637 +9.4881408
-0.5165906 +15.4993436 +23.8271324 -4.3304882 +44.2881619
-0.9521995 +9.9834453 +2.3293648 -2.7591050 +51.6959164
+0.7117071 +7.3973139 -14.2600994 +3.4589467 +2.6962361
-0.0499588 +13.0910866 +35.1748606 +4.9405767 +2.2491063
-0.0260486 +5.3164663 -31.6611790 -2.4992463 +46.2777958
+0.0425182 +10.8764754 -13.0915784 +0.7120432 +7.4631833
-0.4046651 +11.9565900 +52.1465578 +4.9827403 -0.1177435
-0.7310724 +0.8007080 -35.2279698 -3.1683305 +43.6346815
+0.1245909 +7.6819559 -14.9938314 +6.4102144 +13.3638573
+0.1462241 +5.7511695 -11.8242644 +4.3944592 +24.3037709
-1.1135858 +13.2043274 +12.1249671 -4.1840482 +44.5324360
-0.9863984 +17.7161705 +36.6080457 +2.8347811 +2.7781801
-0.3751010 +4.5215573 -55.7587594 +0.6805721 +59.1902855
-0.0124952 +7.6936447 -35.6047298 -2.0514626 +52.4363250
-0.2560511 +11.2971845 +20.8101252 -4.3166576 +45.5908296
-0.5447463 +11.7464323 +20.1920484 -1.0755116 +45.8739517
-0.6395318 +18.9025932 +41.8992114 +6.7158373 +12.6614804
-0.1328583 +15.1035008 +47.9491546 +4.0302161 +10.1787742
-0.7177064 +4.5403169 -38.5814070 -4.6786132 +46.5734795
-1.1629571 +13.3307444 +39.0420487 +5.6892831 +4.4532941
-0.3995982 +5.6381922 -45.5184561 -3.7610484 +54.8123841
-0.3836060 +6.5896908 -18.2115851 +3.5097323 +12.6202479
-0.2230352 +16.6805622 +43.9770183 +4.8440716 +11.7941894
-0.3508422 +14.9621201 +20.8088205 -1.5881013 +52.9069626
-0.1892896 +18.8195147 +35.9858418 +3.3493195 +19.2010753
-0.0374007 +6.3441378 -13.8182392 +3.0037368 +1.6348035
-0.2719451 +13.9418474 +37.8177219 +4.5682566 +5.9556356
-0.1725486 +9.8131164 +1.1655411 +2.4987981 +9.0234040
-0.8352123 +9.4651894 -21.5549603 -3.4497553 +44.1673679
-0.1420540 +8.9575603 -46.6588149 +0.4060833 +56.2743436
-0.2424323 +15.0277699 +46.2554822 +0.5001021 +9.0849297
-0.4008429 +14.9646099 +43.7283591 +4.7539508 +14.1144911
-0.6647069 +3.8656928 -38.4924032 -4.3890629 +44.8239394
-0.2172455 +17.1772856 +34.5372371 +6.0156481 +4.8547030
-0.9722963 +13.3231285 +27.3660440 -2.6243406 +45.6898979
-0.5894057 +6.3286565 -40.7456438 -0.6866280 +46.4979805
-0.7416632 +15.5276094 +19.7676759 -3.6058460 +47.9997034
-0.1292204 +16.5954369 +53.6406583 +3.1473749 +11.1466675
-0.8889217 +13.4477602 +24.6102765 +0.3566080 +45.4013929
-0.4040154 +6.7589253 -48.9045997 -0.8564495 +51.9932326
-0.5118482 +12.0648623 +19.1858318 -0.9866318 +52.6666325
-1.0728308 +13.0291820 +26.4076447 -4.4879438 +42.4711535
-0.5205751 +12.4436432 +19.5314777 -0.7664174 +49.5669226
-0.1509105 +7.6816250 -42.7477439 -2.4122456 +48.8044620
-0.4350431 +17.3163641 +35.3380221 +0.1913285 +6.8829521
-0.9929366 +17.0359284 +40.1433531 +6.3514317 +9.1374809
-0.9856084 +4.1816146 -27.5741834 -2.7025264 +51.0760762
-0.4691830 +18.5554918 +45.6991228 +3.7047880 +14.1829588
-0.4223767 +18.3469410 +44.3006836 +3.4545639 +6.1636995
+0.3055431 +1.8144586 +1.0322637 +8.3702308 +13.7219395
-0.4409955 +3.7397961 -36.6221702 -2.0595884 +49.5770276
-0.2298580 +4.9477413 -7.9216255 +2.8418725 +20.4875331
-0.2660125 +3.5156557 +0.0299048 +2.5230514 +18.8684790
-0.6711717 +3.4480943 -42.0306861 +1.1638784 +54.0133029
-1.0973388 +11.8874695 +20.0396204 -2.9781549 +41.9074293
-0.7361587 +14.2996584 +20.4027708 -3.7016590 +52.3419147
-0.6579012 +16.0255384 +35.7554576 +5.1620004 +7.5223794
-0.1860202 +2.9184932 -13.6068732 +6.3244873 +5.6988379
-0.8573680 +17.7995044 +10.8225279 -1.3740660 +42.1858648
-0.2782964 +2.2251975 -40.0156817 -2.9529166 +51.8520977
+0.4683962 +3.8616932 -5.7207440 +3.2142466 +9.2606307
+0.0098310 +6.5238845 -23.8242448 +3.1759077 +8.9969539
-1.1863700 +14.2656012 +47.9187446 -1.5393955 +8.1942775
+0.2129671 +7.5671862 -37.6101607 -3.6905353 +51.3194706
-0.9152633 +16.9612465 +22.4625995 -2.9697009 +44.6282640
-0.2145146 +14.7166780 +18.6947866 -3.9481484 +44.8286458
-0.0539332 +3.8734672 -37.7447235 -5.0702974 +52.0018935
-0.2936940 +4.9458021 -41.5244745 -1.2917045 +50.9899386
-1.2811973 +9.8901121 +25.7007098 -4.1807629 +44.7291294
-0.3445070 +6.4158407 -37.3739980 -1.5049059 +49.4424822
+0.3773009 +10.2653894 -21.8490471 +6.5844086 +12.0486819
+0.5637572 +10.5598993 -19.1142971 +6.3471942 -4.1728022
-0.8025588 +14.8099426 +28.8307102 -4.0944544 +48.7636251
+0.4640602 +7.1696833 -13.6755784 +5.7172637 +12.1156025
-0.0220181 +5.4324517 -10.0764294 +3.7626933 +13.3874701
-0.3937358 +15.7449141 +53.8737904 +4.7604245 +11.8646739
-0.3840119 +4.8903097 -32.4613659 -4.1232574 +57.5440896
+0.4530861 +5.8086060 -17.7833271 +3.5070524 +12.2681841
-1.1922107 +11.6867036 +17.3714874 -0.3030036 +41.4941737
-0.9175168 +16.9518366 +3.3932069 -4.4648801 +51.6310777
+0.1655183 +13.1550734 +34.7136285 +5.8784526 +16.9646010
+0.3204614 +4.5757120 -15.7554542 +4.6791709 +15.1228215
-0.5065695 +13.0707904 +37.4041660 +5.5571144 +4.5214752
-0.7243549 +12.6585105 +25.0856664 -0.9256822 +44.3185423
+0.0756627 +7.6725459 -40.3490571 -1.8901658 +59.4849783
-0.5331240 +14.1053667 +53.5398802 +3.1059580 -0.4542382
-0.2686307 +7.8804548 -40.8238999 -1.4128601 +51.3851148
-1.1422892 +12.7903646 +17.1816073 -1.7260745 +53.6484914
-0.2304824 +4.6672398 -43.3959971 +0.0525277 +50.4832707
-0.1330388 +5.4868189 -13.7893561 +5.0227380 +17.2560890
-0.3810402 +17.7194395 +48.2613626 +3.2805671 +9.8255075
-1.0238392 +11.9224641 +15.4616274 -3.1283027 +49.5105670
-0.1792758 +5.5460732 -35.0907100 -3.7675090 +45.7317020
-0.7755639 +16.2576977 +41.8568449 +2.1455919 +4.2275983
-0.9879586 +13.4753471 +20.3450614 +0.8577087 +44.0291201
+0.0124726 +7.9414184 -2.6821997 +3.2085939 +2.3040848
+0.2273863 +6.2873469 -6.0785835 -0.5997667 +15.1809601
+0.0783032 +5.2903575 -27.7061464 -4.3501400 +49.8018916
-0.9280672 +18.1577933 +25.3750561 -1.7424581 +44.1513926
-0.5078014 +8.9121252 -31.0834940 -1.8533390 +52.5517554
-1.1621547 +12.6037402 +24.0407757 +0.1167471 +46.5942503
+0.0270374 +4.5347878 -8.4676586 +8.0565486 +13.0179128
-0.2176937 +16.5000569 +29.0502126 +3.7190021 -3.0058083
-0.4230115 +6.4514422 -25.9307605 +5.6671853 +9.2555358
-0.1754109 +16.0235037 +49.9945382 +5.6226225 +4.3577500
-0.2498980 +3.7201513 -30.5902402 -1.9340517 +52.0054148
-0.5227278 +17.1719494 +53.5125774 +5.5555436 +8.0631126
+0.6140596 +3.7705768 -10.0450465 +4.1394531 +20.8079288
-0.1813415 +17.7934073 +37.4014111 +6.0888725 +2.2115248
-0.2569096 +14.9853307 +42.5446636 +3.4274679 +6.8282755
-0.3393072 +1.6925569 -29.7225903 -2.1177373 +48.6963320
-0.7861128 +14.1168430 +53.7445735 +3.3761996 +11.4354692
-0.3842301 +1.1605883 -5.2942693 +3.5863892 +15.2347532
-0.5537530 +14.1200656 +50.8105952 +0.2103503 +3.8096674
+0.7228311 +8.3455712 -1.5072353 +5.1991905 +9.6614233
-0.2526953 +1.3150994 -15.5266418 +5.3857646 +18.2242597
-0.8315799 +13.6572529 +45.8226877 +5.4489307 +11.9863199
-0.5564050 +4.3290800 -39.3397714 -2.5597190 +58.4312495
-0.5952689 +20.6585095 +50.7141587 +1.1583208 -1.1171038
-0.7903595 +11.5347758 +31.1394215 -5.5589703 +41.3688730
+0.2243540 +5.1815825 -23.2598677 +4.7409799 +16.2061156
+0.1984590 +8.3969477 -1.6892833 +3.4913040 +0.0342316
-0.2656211 +3.9088524 -8.6801226 +6.5539883 +16.9652336
-1.6301817 +8.1999470 +21.1345124 -1.9375279 +48.2927632
-0.2555200 +12.9126751 +47.5227324 +2.5183797 +0.6820208
-0.5155805 +14.6853393 +42.9996320 +3.1125583 +10.9517062
+0.5527511 +5.3608087 -4.9960901 +1.0114134 +13.3145459
+0.3145274 +7.2552929 -18.6997165 +3.0300744 +7.4346581
-1.5113171 +17.3891403 +8.0985330 +0.6920869 +48.5052806
-0.2282633 +7.2217362 -14.0924785 +4.2992035 +20.4757262
-1.1078884 +13.6750005 +18.1427283 -1.5043581 +42.7842754
-0.1552268 +2.5128599 -36.6149261 -6.0708683 +55.6014546
+0.0391222 +7.2005474 -15.2548340 +4.0805406 +10.1631664
-0.2797512 -2.4401868 -39.3536135 -4.1414306 +49.8034209
-0.9464251 +15.4728311 +52.5277427 +3.7922978 +5.6048250
-1.4352874 +16.9202747 +12.1075270 -2.9303363 +52.3768774
-0.4172917 +6.6628778 -23.3217685 +4.3543671 +9.3967092
+0.4301187 +5.9658102 +1.4330597 -0.1045509 +6.9737976
-0.6716078 +12.0123330 +22.6763141 +0.1786533 +44.0627063
-0.8905615 +14.5512836 +18.5463999 +1.4775393 +45.0249502
-0.9514067 +15.6620631 +12.2047551 -0.6110933 +46.3388123
+0.3667701 +9.3726888 -5.4179998 +3.2459109 +18.7136022
-0.8858598 +14.0315883 +17.0028979 -0.9215137 +40.4973414
+0.0763891 +7.6485478 -15.3945434 +2.0619542 +3.8830668
-0.1594533 +5.3267701 -27.8197970 -6.2570965 +51.3844686
+0.0974755 +3.4124319 +0.0926125 +5.8126739 +16.7714557
-0.9910771 +12.9022490 +7.0386094 +3.2752713 +49.0275186
-0.2833980 +8.0620585 -25.0096853 +0.0040023 +40.5939646
-0.4032340 +16.9782544 +48.0597340 +1.4221267 +12.3502957
-1.6082397 +8.1059779 +29.9867870 -0.8153261 +54.0224052
+0.1796786 +3.4071340 -27.6468316 +5.5122290 +7.1468268
-0.1549500 +3.1194341 -32.7446205 -3.5308376 +49.8516942
+0.3041358 +5.0629794 -7.4135389 +1.4614010 +10.4973401
-0.1605198 +3.5218686 -8.8617417 +3.4573928 +13.3048540
-0.2447960 +3.6160338 -38.1616230 -1.1905924 +62.5812300
-0.7718083 +12.5897639 +39.2709149 -4.3007668 +33.8694311
+0.3046518 +3.4894571 -13.5357899 +2.0587976 +11.3025353
-0.7389824 +11.4604914 +19.7348138 -0.1405434 +47.0673745
-0.0740714 +1.1160299 -30.9738759 +2.2803159 +48.6320727
+0.0782503 +2.7739789 -18.4301285 -1.7451088 +64.7579477
-0.5424631 -1.0467044 -38.6448315 -0.9263185 +57.1361820
+0.2259880 +9.6948114 -19.1404709 +2.9773258 +7.2761934
-0.8212468 +18.7879723 +13.5439833 -1.7671522 +41.9251742
-0.4739376 +0.4743482 -37.3349460 +1.1427431 +50.6958678
+0.3605372 +5.4009820 +3.9947131 +3.9419374 +19.7394437
-1.3304039 +19.8973007 +28.1684027 +1.2317080 +46.3550569
-0.5551778 +4.0352076 -27.5112371 -4.5803016 +44.7643649
-0.3100641 +13.4810376 +47.4990404 +2.0119357 +9.6129867
-0.1073262 +4.0172500 -3.2445039 +2.9388823 +12.1414184
-0.5709661 +2.6679069 -28.9494659 +0.3309688 +49.2080152
-0.6857136 +14.4963231 +24.0109194 -1.7898088 +46.0843156
-1.0966008 +14.8063133 +15.7163448 -1.1800073 +37.8049688
-1.7380360 +14.8055152 +19.7991952 -1.1405815 +50.0976521
-0.0782097 +15.7450453 +41.3801043 +2.6906330 +9.5317894
-0.1025767 +17.5606196 +46.3394647 +0.1094164 +8.9874394
-0.5190253 +5.6781383 -32.0717493 -0.0884490 +48.5654068
-0.5914764 +3.3407576 -46.3102239 -1.4224845 +45.6626388
-0.5682305 +1.9943928 -39.6008085 -1.7376629 +54.6106614
+0.4769964 +0.9009647 -16.3504008 +0.9129128 +7.1551093
-0.4065392 +14.1168625 +51.9054835 +1.5277460 +14.9706064
-0.5648005 +14.7849591 +38.6854849 +2.6568808 +3.6544467
+0.6751933 +4.0379937 -5.2172224 +1.3753799 +9.2993463
-0.1839258 +2.9607654 -31.8740268 -0.2022130 +55.3066449
-1.0576801 +11.3296488 +17.0030163 -3.0731215 +31.7619811
-0.3755893 +4.4567065 -38.4434983 +2.0335119 +47.9391452
-1.1640024 +14.4777124 +33.3714721 +6.5017742 +14.6996056
-0.2135673 +2.9068108 -9.8449826 +3.6426591 +17.7534667
-1.0117234 +14.7151184 +29.8910487 +5.7171710 +4.6434667
+0.1569249 +4.0462555 -18.6498268 +1.4185594 +15.4863162
-0.6177757 +16.5759009 +40.7813362 +3.6632019 +3.4151713
-0.8412266 +13.0992541 +18.1787481 +0.6871498 +53.4199122
+0.4048034 +3.7440299 -16.6679893 +2.9854118 +4.6542440
-0.5182206 +13.8693040 +13.3324008 -1.9371707 +42.3843061
+0.3933544 +7.6079615 -7.3218097 +2.4959259 +17.2741499
+0.6675695 +8.8921343 -23.7264325 +6.1194734 -2.2844906
-0.0265232 +4.7724351 -6.3855327 +6.0988453 +20.4055680
-0.6543641 +15.0714893 +18.2370723 -1.5270822 +43.2316150
-0.3523482 +16.9870277 +37.5668018 +2.3450930 +15.9290850
-0.4106131 +10.9756258 +46.9561519 +0.2438895 -2.6859542
+0.2439992 +6.5807443 -17.1062117 -0.4968189 +8.9971652
-1.2047171 +16.5535014 +22.2487911 -1.7222218 +49.2728184
+0.1060935 +6.6649927 -3.7833649 +2.0651942 +10.6149823
+0.2874767 +5.7399162 -11.9395851 +4.4354880 -1.7077369
+0.1383407 +7.0540554 -17.2510816 +3.8152662 +4.9201578
-0.2966303 +4.7357912 -34.1821018 -1.7816277 +45.5405530
-0.0953971 +1.8021402 -5.5559663 +5.4317238 +10.7787833
-0.8696993 +11.0637730 +23.4770057 -3.2972352 +41.5996156
-0.7084083 +21.3257890 +47.6862902 +4.3420506 +8.7210564
+0.3404507 +8.0856990 -5.6622291 +2.0498345 +9.1864070
-0.4110546 +4.4116200 -49.3515420 +0.5775968 +45.7813172
-1.1958646 +13.5469755 +28.5604430 -1.9235869 +56.5255185
-0.5149031 +4.9348516 -35.4402393 +2.2295272 +53.5194850
+0.1170603 +13.3364886 +53.7397987 +5.1768645 +8.3689663
-0.7636575 +13.9675891 +22.0207131 -1.0585097 +36.9366912
+0.2507820 +5.7572178 -14.0490725 +2.3249660 +19.6147028
-0.2889146 +11.6366961 +27.0991551 +5.6905471 +2.9472503
-0.2840077 +3.5824050 -37.3614553 -7.4388094 +51.6190318
-0.5359977 +15.9864982 +16.0558332 +1.3390883 +49.7783500
-0.2545358 +16.5134078 +37.9470081 +5.6148506 +4.8935735
-0.8640287 +6.1829994 -46.3514064 -0.5128632 +45.2302550
+0.3966570 +4.6357593 -1.9696138 +3.6252059 +14.5336824
-0.3525651 +2.9184502 -46.7446840 -2.2510350 +61.1457271
-0.0085248 +5.2472258 -29.8447108 -4.4500442 +49.1652536
+0.2931556 +6.9085836 -9.0451938 +2.4338572 +16.7734876
-0.5309431 +16.5455141 +11.7276939 -1.4136606 +45.8067428
-0.5012038 +13.6633487 +13.2961271 -1.5879698 +42.6975821
-0.5024989 +14.5653145 +30.7026588 -2.3265550 +45.5271279
+0.5774741 +6.1277591 -17.9654447 +6.2579636 +8.9464753
-0.4573188 +1.0153283 -2.3177515 +3.6540587 +18.7633161
-0.7695894 +15.4875971 +46.7460886 +3.4870117 +6.0287676
-0.6291657 +3.0880791 -38.1265457 -2.7689352 +49.9110034
-0.2876367 +11.2500398 +49.0875898 +1.7023001 +1.6118679
-0.9257942 +15.5989363 +20.0209472 +2.4881694 +40.9916086
-0.2659539 +22.0280488 +47.4012093 +6.6027207 +9.4236316
+0.6118776 +5.2052771 -11.6700379 +4.6842945 +15.3638461
-0.4386050 +6.8491519 -49.2910839 -4.5587420 +47.9667680
+0.3742316 +6.2042968 -13.7883166 +5.2156554 +18.7080945
-1.4097133 +13.9551287 +23.8618877 +1.0515025 +35.9312536
+0.3331163 +6.9350940 -20.9630716 +2.4900785 +8.3306613
+0.3056788 +8.4865439 -17.3477040 +3.1198443 +19.1840880
-1.5430943 +14.1876589 +27.6469277 +1.7372302 +42.9707329
-0.2813679 +6.2892657 -22.3509593 +4.7800706 +4.1450940
-0.0827316 +6.7629490 +6.6715940 +2.8242171 +8.7397979
-0.3258688 +3.7313685 -36.7030207 +0.4985827 +48.5028209
-0.5330825 +22.3192851 +55.9642553 +0.1587561 +4.9999276
-0.0369866 +3.5993015 -15.3886824 +6.9236144 +18.7353973
-1.1794775 +12.5908183 +4.6121135 -4.8213404 +43.6608263
+0.5234607 +3.4335177 -15.7763721 +3.7184126 +6.2395917
+0.0157177 +6.0486049 -29.4055988 +5.7878785 +10.7783874
-0.1562777 +8.0127826 -23.1407609 +2.1595908 +10.3309023
-0.7143827 +14.4389563 -0.8694739 -7.0428161 +33.8230982
-0.6903521 +13.8147088 +33.0816161 +6.2429971 +13.3560804
+0.3970894 +7.9447576 -26.3158023 +5.9554013 +8.2591905
+0.0386703 +7.7049709 -15.9593610 +4.4364330 +7.3092731
+0.0364985 +15.9103417 +60.6339182 +4.1006681 +11.6134366
+0.1536851 +6.6164189 -2.4634770 +2.1089165 +5.6608651
-0.9013326 +11.8244154 +12.4410830 -3.7375063 +45.5864590
+0.2689360 +2.5847779 -26.5653326 +2.0395255 +9.7463437
+0.2267765 +4.7903083 -10.9971279 +1.9351131 +6.0074506
-0.2255201 +11.6201620 +31.3130205 +1.3448297 +11.5466444
-0.6693751 +16.4508582 +33.9499195 +3.6981326 +15.6829007
-0.8522682 +13.2704768 +18.7744696 -1.2239071 +54.4065146
-0.4848655 +2.5372898 -38.9225324 -1.9248411 +53.5906473
-0.3245905 +14.0478088 +49.8701972 +5.8878880 +7.8061177
-0.9125539 +10.6678155 +24.5055820 -2.0083075 +43.7167946
