0 129.972604433
1 70.6871827911
2 35.5645024186
3 35.2206520106
4 35.0714243241
5 70.5101396
6 70.6922979821
7 70.6907603793
8 70.6901042368
9 70.6897404774
10 70.6895091739
11 70.6893490566
12 70.6892316045
13 70.6891417422
14 70.6890707513
15 70.689013238
16 70.6889656863
17 70.688925706
18 70.6888916152
19 70.6888621961
20 70.6888365452
21 70.6888139779
22 70.6887939662
23 70.688776096
24 70.6887600382
25 70.6887455279
26 70.6887323493
27 70.6887203252
28 70.6887093082
29 70.6886991753
30 70.6886898224
31 70.6886811614
32 70.6886731168
33 70.6886656238
34 70.6886586263
35 70.6886520755
36 70.688645929
37 70.6886401494
38 70.6886347038
39 70.6886295632
40 70.6886247018
41 70.6886200965
42 70.6886157268
43 70.6886115744
44 70.6886076226
45 70.6886038566
46 70.6886002629
47 70.6885968292
48 70.6885935444
49 70.6885903985
50 70.6885873822
51 70.688584487
52 70.6885817053
53 70.68857903
54 70.6885764544
55 70.6885739727
56 70.6885715792
57 70.6885692689
58 70.6885670369
59 70.6885648789
60 70.6885627909
61 70.6885607688
62 70.6885588094
63 70.6885569092
64 70.6885550651
65 70.6885532743
66 70.688551534
67 70.6885498419
68 70.6885481953
69 70.6885465922
70 70.6885450305
71 70.6885435081
72 70.6885420232
73 70.6885405741
74 70.688539159
75 70.6885377765
76 70.688536425
77 70.6885351031
78 70.6885338095
79 70.688532543
80 70.6885313022
81 70.6885300862
82 70.6885288938
83 70.6885277239
84 70.6885265756
85 70.6885254479
86 70.6885243399
87 70.6885232508
88 70.6885221798
89 70.6885211259
90 70.6885200886
91 70.688519067
92 70.6885180605
93 70.6885170684
94 70.68851609
95 70.6885151247
96 70.6885141719
97 70.688513231
98 70.6885123015
99 70.6885113827
100 70.6885104743
101 70.6885095756
102 70.6885086862
103 70.6885078056
104 70.6885069333
105 70.6885060689
106 70.6885052118
107 70.6885043617
108 70.6885035181
109 70.6885026806
110 70.6885018488
111 70.6885010223
112 70.6885002007
113 70.6884993835
114 70.6884985705
115 70.6884977612
116 70.6884969551
117 70.6884961521
118 70.6884953516
119 70.6884945533
120 70.6884937568
121 70.6884929617
122 70.6884921678
123 70.6884913745
124 70.6884905816
125 70.6884897886
126 70.6884889952
127 70.688488201
128 70.6884874055
129 70.6884866085
130 70.6884858096
131 70.6884850082
132 70.688484204
133 70.6884833967
134 70.6884825857
135 70.6884817706
136 70.6884809511
137 70.6884801266
138 70.6884792966
139 70.6884784608
140 70.6884776186
141 70.6884767695
142 70.688475913
143 70.6884750485
144 70.6884741756
145 70.6884732935
146 70.6884724018
147 70.6884714997
148 70.6884705867
149 70.688469662
150 70.6884687251
151 70.688467775
152 70.6884668111
153 70.6884658326
154 70.6884648386
155 70.6884638282
156 70.6884628005
157 70.6884617545
158 70.6884606892
159 70.6884596035
160 70.6884584963
161 70.6884573663
162 70.6884562122
163 70.6884550328
164 70.6884538265
165 70.6884525918
166 70.6884513271
167 70.6884500307
168 70.6884487006
169 70.688447335
170 70.6884459316
171 70.6884444883
172 70.6884430025
173 70.6884414717
174 70.6884398931
175 70.6884382635
176 70.6884365798
177 70.6884348385
178 70.6884330355
179 70.6884311669
180 70.6884292281
181 70.6884272142
182 70.6884251197
183 70.6884229389
184 70.6884206653
185 70.6884182918
186 70.6884158106
187 70.6884132133
188 70.6884104902
189 70.6884076308
190 70.6884046235
191 70.6884014552
192 70.6883981112
193 70.6883945751
194 70.6883908285
195 70.6883868503
196 70.6883826168
197 70.6883781009
198 70.6883732716
199 70.688368093
200 70.6883625239
201 70.688356516
202 70.6883500131
203 70.6883429488
204 70.6883352442
205 70.6883268052
206 70.6883175182
207 70.688307245
208 70.6882958156
209 70.6882830186
210 70.6882685877
211 70.688252183
212 70.6882333628
213 70.6882115432
214 70.6881859357
215 70.6881554482
216 70.6881185244
217 70.6880728665
218 70.688014934
219 70.6879389716
220 70.6878349548
221 70.6876837258
222 70.6874435152
223 70.6870025926
224 70.685927354
225 70.67938068
226 35.1543595984
227 35.2021906641
228 35.0115268431
229 80.4661096476
230 70.8605486157
231 70.8605514549
232 70.8605512438
233 70.8605510331
234 70.8605508226
235 70.8605506125
236 70.8605504025
237 70.8605501928
238 70.8605499832
239 70.8605497738
240 70.8605495645
241 70.8605493552
242 70.8605491459
243 70.8605489366
244 70.8605487273
245 70.8605485179
246 70.8605483084
247 70.8605480987
248 70.8605478888
249 70.8605476788
250 70.8605474684
251 70.8605472577
252 70.8605470467
253 70.8605468353
254 70.8605466235
255 70.8605464113
256 70.8605461985
257 70.8605459853
258 70.8605457714
259 70.860545557
260 70.8605453418
261 70.860545126
262 70.8605449095
263 70.8605446922
264 70.860544474
265 70.860544255
266 70.8605440351
267 70.8605438143
268 70.8605435924
269 70.8605433695
270 70.8605431455
271 70.8605429203
272 70.860542694
273 70.8605424664
274 70.8605422375
275 70.8605420072
276 70.8605417756
277 70.8605415425
278 70.8605413079
279 70.8605410717
280 70.8605408339
281 70.8605405945
282 70.8605403532
283 70.8605401102
284 70.8605398652
285 70.8605396184
286 70.8605393695
287 70.8605391185
288 70.8605388654
289 70.8605386101
290 70.8605383524
291 70.8605380924
292 70.86053783
293 70.8605375649
294 70.8605372973
295 70.8605370269
296 70.8605367538
297 70.8605364777
298 70.8605361987
299 70.8605359165
300 70.8605356312
301 70.8605353426
302 70.8605350506
303 70.860534755
304 70.8605344558
305 70.8605341529
306 70.8605338461
307 70.8605335353
308 70.8605332203
309 70.8605329011
310 70.8605325774
311 70.8605322492
312 70.8605319163
313 70.8605315784
314 70.8605312355
315 70.8605308874
316 70.8605305339
317 70.8605301749
318 70.86052981
319 70.8605294391
320 70.8605290621
321 70.8605286786
322 70.8605282885
323 70.8605278915
324 70.8605274874
325 70.8605270759
326 70.8605266567
327 70.8605262295
328 70.8605257942
329 70.8605253502
330 70.8605248974
331 70.8605244353
332 70.8605239637
333 70.8605234821
334 70.8605229901
335 70.8605224874
336 70.8605219735
337 70.8605214479
338 70.8605209101
339 70.8605203597
340 70.8605197961
341 70.8605192187
342 70.860518627
343 70.8605180202
344 70.8605173978
345 70.860516759
346 70.8605161031
347 70.8605154293
348 70.8605147367
349 70.8605140245
350 70.8605132917
351 70.8605125372
352 70.8605117601
353 70.860510959
354 70.8605101329
355 70.8605092805
356 70.8605084002
357 70.8605074905
358 70.86050655
359 70.8605055768
360 70.8605045691
361 70.8605035248
362 70.8605024419
363 70.8605013179
364 70.8605001503
365 70.8604989364
366 70.8604976733
367 70.8604963576
368 70.8604949859
369 70.8604935542
370 70.8604920586
371 70.8604904942
372 70.8604888562
373 70.8604871388
374 70.8604853361
375 70.8604834413
376 70.8604814468
377 70.8604793443
378 70.8604771246
379 70.8604747773
380 70.8604722907
381 70.8604696518
382 70.8604668458
383 70.8604638559
384 70.8604606631
385 70.8604572456
386 70.8604535782
387 70.8604496323
388 70.8604453741
389 70.8604407647
390 70.860435758
391 70.8604302998
392 70.8604243252
393 70.8604177566
394 70.8604104999
395 70.86040244
396 70.8603934343
397 70.8603833049
398 70.8603718258
399 70.8603587061
400 70.8603435649
401 70.8603258931
402 70.8603049951
403 70.8602798943
404 70.8602491752
405 70.8602107059
406 70.8601611182
407 70.8600947595
408 70.8600013599
409 70.8598601066
410 70.859621445
411 70.8591314069
412 70.8575548311
413 35.7865248254
414 35.0771149374
415 35.0546025885
416 35.0433551498
417 35.0360436973
418 35.030349595
419 35.0238342831
420 34.9143525512
421 34.7658946368
422 35.1505068468
423 35.0558756655
424 35.0850265749
425 35.069305318
426 35.0503366396
427 35.0439082244
428 35.0558876057
429 35.0416817311
430 35.1011150635
431 35.041429521
432 35.0273241248
433 35.0168451667
434 34.5129340411
435 35.0589914387
436 35.0969879656
437 35.0435813092
438 34.8226031305
439 35.0360870978
440 34.5089764785
441 34.0087908724
442 35.0720219617
443 35.0185798241
444 47.9421384914
445 35.0651220599
446 34.9832781516
447 35.1136077742
448 35.0452408876
449 35.0284819369
450 35.0183130231
451 34.6875503099
452 35.0244218738
453 35.0174462556
454 35.0080862485
455 35.0321607775
456 35.0208742316
457 35.0157956468
458 35.0116466218
459 35.0009244336
460 35.0149367122
461 35.010982082
462 35.0014592168
463 35.0130485281
464 35.0042130952
465 34.9601973916
466 35.023444916
467 35.0183334181
468 35.0153229315
469 35.0132833584
470 35.0117981927
471 35.010663755
472 35.0097663981
473 35.009037183
474 35.0084317077
475 35.0079200292
476 35.0074812001
477 35.0071001173
478 35.0067656118
479 35.0064692433
480 35.006204513
481 35.0059663342
482 35.0057506674
483 35.0055542636
484 35.0053744788
485 35.005209139
486 35.0050564401
487 35.0049148716
488 35.0047831591
489 35.0046602198
490 35.0045451272
491 35.0044370841
492 35.0043354003
493 35.0042394753
494 35.0041487841
495 35.0040628654
496 35.0039813122
497 35.0039037639
498 35.0038299002
499 35.003759435
500 35.0036921121
501 35.0036277016
502 35.0035659961
503 35.0035068084
504 35.0034499689
505 35.0033953233
506 35.0033427314
507 35.0032920651
508 35.0032432071
509 35.00319605
510 35.0031504952
511 35.0031064517
512 35.0030638358
513 35.00302257
514 35.0029825828
515 35.0029438076
516 35.0029061828
517 35.0028696511
518 35.0028341591
519 35.0027996568
520 35.0027660978
521 35.0027334385
522 35.0027016381
523 35.0026706586
524 35.0026404638
525 35.0026110202
526 35.0025822959
527 35.0025542612
528 35.0025268876
529 35.0025001488
530 35.0024740194
531 35.0024484757
532 35.0024234952
533 35.0023990564
534 35.0023751392
535 35.0023517242
536 35.0023287933
537 35.0023063289
538 35.0022843146
539 35.0022627345
540 35.0022415737
541 35.0022208176
542 35.0022004528
543 35.0021804659
544 35.0021608444
545 35.0021415765
546 35.0021226504
547 35.0021040553
548 35.0020857804
549 35.0020678157
550 35.0020501513
551 35.0020327778
552 35.0020156862
553 35.0019988677
554 35.0019823138
555 35.0019660166
556 35.001949968
557 35.0019341605
558 35.0019185868
559 35.0019032397
560 35.0018881123
561 35.0018731979
562 35.00185849
563 35.0018439822
564 35.0018296684
565 35.0018155424
566 35.0018015986
567 35.0017878309
568 35.001774234
569 35.0017608021
570 35.00174753
571 35.0017344121
572 35.0017214434
573 35.0017086186
574 35.0016959325
575 35.00168338
576 35.0016709562
577 35.0016586559
578 35.0016464741
579 35.0016344058
580 35.001622446
581 35.0016105896
582 35.0015988315
583 35.0015871665
584 35.0015755894
585 35.0015640948
586 35.0015526772
587 35.0015413312
588 35.001530051
589 35.0015188306
590 35.0015076639
591 35.0014965445
592 35.0014854659
593 35.0014744211
594 35.0014634027
595 35.001452403
596 35.0014414138
597 35.0014304266
598 35.0014194319
599 35.0014084198
600 35.0013973796
601 35.0013862996
602 35.0013751673
603 35.001363969
604 35.0013526896
605 35.0013413125
606 35.0013298194
607 35.0013181901
608 35.001306402
609 35.0012944296
610 35.0012822445
611 35.0012698144
612 35.0012571027
613 35.0012440672
614 35.0012306599
615 35.0012168247
616 35.0012024968
617 35.0011875998
618 35.0011720436
619 35.001155721
620 35.0011385032
621 35.0011202341
622 35.0011007225
623 35.0010797317
624 35.0010569648
625 35.0010320445
626 35.0010044833
627 35.0009736403
628 35.0009386555
629 35.0008983472
630 35.0008510459
631 35.0007943134
632 35.0007244426
633 35.000635509
634 35.0005174207
635 35.0003514763
636 35.0000987048
637 34.9996622642
638 34.9987172302
639 34.9951021765
640 34.8020742948
641 34.7136814736
642 34.4802392966
643 35.0063205332
644 35.0225872751
645 35.0173621235
646 35.014061552
647 35.0117529521
648 35.0100100264
649 35.0085956582
650 35.0073379111
651 35.0060282573
652 35.0040903411
653 34.9950367284
654 34.9743526402
655 35.0121743958
656 35.010286029
657 35.0088593179
658 35.0076886989
659 35.0066421821
660 35.0055762051
661 35.0041716239
662 35.000629289
663 35.0068080763
664 35.0058144328
665 35.0047891056
666 35.0032426214
667 34.9976255779
668 35.0067291334
669 35.0058958182
670 35.0051188358
671 35.0042783068
672 35.0030977418
673 35.0000942226
674 35.0571058492
675 35.0046699149
676 35.0030513961
677 34.9963820079
678 35.0078853119
679 35.0065856698
680 35.0058104486
681 35.005202362
682 35.0046710824
683 35.0041661748
684 35.0036359175
685 35.0029886475
686 35.0019609663
687 34.9990532238
688 35.0081388385
689 35.0045367821
690 35.0040640993
691 35.003606813
692 35.0031094203
693 35.0024689104
694 35.0013666051
695 34.9976605805
696 35.0004265787
697 35.0033015065
698 34.9853389694
699 35.0052330955
700 35.0039289955
701 35.0010247038
702 35.0479246107
703 35.0069363636
704 35.0059065857
705 35.0051722152
706 35.0045307898
707 35.0038846657
708 35.0031016625
709 35.001788479
710 34.9968192319
711 35.0052024126
712 35.0046383671
713 35.0041583358
714 35.003704455
715 35.0032268376
716 35.0026441904
717 35.0017372517
718 34.9994091734
719 33.8249415435
720 35.0060263074
721 35.0051127947
722 35.0044413887
723 35.0038184
724 35.0031201867
725 35.0020925975
726 34.9994543228
727 35.0775157569
728 35.0046312068
729 35.0040041873
730 35.0034368561
731 35.0028078845
732 35.0019042801
733 34.9998013594
734 34.9301153051
735 35.0017905593
736 34.9981216734
737 35.0040807784
738 35.0032608082
739 35.002129381
740 34.9992124907
741 35.0042368324
742 34.9974834179
743 35.0057523021
744 35.0051378567
745 35.0046835048
746 35.0043074202
747 35.0039774247
748 35.0036752251
749 35.0033869735
750 35.0030988042
751 35.0027924449
752 35.0024369626
753 35.0019659024
754 35.0011889552
755 34.9992037405
756 34.9413090502
757 35.0024599518
758 35.001802573
759 35.0004700903
760 34.9935341064
761 35.0044181928
762 35.0039436096
763 35.0036006585
764 35.0033133101
765 35.0030529041
766 35.0028022485
767 35.0025458226
768 35.0022633975
769 35.0019195725
770 35.0014342543
771 35.0005593574
772 34.997886932
773 35.0128343115
774 35.0036523965
775 35.0032391496
776 35.0029619011
777 35.00273595
778 35.0025335757
779 35.0023401275
780 35.002144079
781 35.0019323658
782 35.001685132
783 35.0013644069
784 35.0008790949
785 34.9999279733
786 34.9965136901
787 35.0025303134
788 35.0023158871
789 35.0021013448
790 35.0018667766
791 35.0015853231
792 35.0012020682
793 35.0005693986
794 34.9990772877
795 34.9869367958
796 34.3730696583
797 34.9968792258
798 35.0165619802
799 35.0089649268
800 35.0157626696
801 35.0125273746
802 35.0098688847
803 35.0066203451
804 34.9735092968
805 35.0088340751
806 35.0067011043
807 35.0016420525
808 34.9888198001
809 35.0098005365
810 34.9833495701
811 35.0141666585
812 35.0119000784
813 35.0102981184
814 35.009084463
815 35.0081258573
816 35.0073458413
817 35.0066962712
818 35.0061448965
819 35.0056690716
820 35.0052522473
821 35.0048818627
822 35.0045479862
823 35.0042423639
824 35.0039576624
825 35.0036867389
826 35.0034217364
827 35.0031526419
828 35.0028644636
829 35.0025306314
830 35.0020943254
831 35.0013995669
832 34.9997838661
833 34.9848194721
834 34.4287042737
835 35.0062039055
836 35.0055967286
837 35.0051446411
838 35.0047761936
839 35.004463006
840 35.0041900359
841 35.0039479378
842 35.0037302988
843 35.003532404
844 35.0033505961
845 35.0031819024
846 35.0030237913
847 35.002873994
848 35.0027303521
849 35.002590664
850 35.0024524965
851 35.0023129165
852 35.0021680559
853 35.0020123315
854 35.0018369022
855 35.0016262777
856 35.0013497846
857 35.0009356361
858 35.0001648031
859 34.9978876602
860 33.9968022914
861 35.0020619524
862 35.0011663987
863 34.9985551236
864 35.0683010115
865 35.0045215096
866 35.004065534
867 35.0037582846
868 35.0035143461
869 35.0033069619
870 35.0031238865
871 35.0029581795
872 35.0028052798
873 35.0026618112
874 35.0025249865
875 35.0023922388
876 35.0022609227
877 35.0021279844
878 35.0019894929
879 35.0018398399
880 35.0016701873
881 35.001465072
882 35.0011938733
883 35.0007848721
884 35.0000188949
885 34.997740623
886 33.8916053569
887 35.0036238819
888 35.0034304572
889 35.003252212
890 35.0030862856
891 35.0029301814
892 35.0027816009
893 35.0026382876
894 35.0024978513
895 35.0023575349
896 35.0022138563
897 35.0020619916
898 35.001894605
899 35.0016993875
900 35.0014532069
901 35.0011057317
902 35.0005208318
903 34.9991528565
904 34.9898180912
905 35.0010717224
906 35.0000196122
907 34.9957399556
908 34.9265898774
909 35.0045590517
910 35.0042112987
911 35.003925774
912 35.0036798665
913 35.0034618743
914 35.0032645629
915 35.0030828625
916 35.002912831
917 35.002751084
918 35.0025943949
919 35.0024393206
920 35.0022817289
921 35.002116048
922 35.0019338666
923 35.0017209561
924 35.0014499887
925 35.0010591926
926 35.0003698963
927 34.9985519434
928 34.9617236991
929 35.0034226074
930 35.0031173116
931 35.0029101455
932 35.0027455976
933 35.0026053769
934 35.0024810915
935 35.0023680663
936 35.0022633161
937 35.0021647146
938 35.0020705927
939 35.0019795115
940 35.0018901085
941 35.0018009683
942 35.0017104815
943 35.0016166594
944 35.001516847
945 35.0014072343
946 35.0012819437
947 35.0011311647
948 35.0009369061
949 35.0006618122
950 35.0002128545
951 34.9992745186
952 34.9956486351
953 34.9995378734
954 34.9926312077
955 34.9976195096
956 35.0024355315
957 35.0019128072
958 35.0010137496
959 34.998338676
960 34.9871115171
961 35.0042716797
962 35.0039582537
963 35.003688509
964 35.003448198
965 35.0032284356
966 35.0030226674
967 35.0028252346
968 35.0026303925
969 35.0024312579
970 35.0022181527
971 35.0019752482
972 35.001672367
973 35.0012404431
974 35.0004726523
975 34.9983181434
976 33.8752276989
977 35.0034842729
978 35.0032453899
979 35.0030457485
980 35.0028703917
981 35.0027114175
982 35.0025638039
983 35.0024238342
984 35.0022883326
985 35.0021541702
986 35.0020178042
987 35.0018746714
988 35.0017181643
989 35.0015376032
990 35.0013136242
991 35.0010058958
992 35.0005123183
993 34.999473234
994 34.9950499809
995 34.9459635102
996 35.0030318429
997 35.0029117417
998 35.0028034344
999 35.0027047702
1000 35.0026142046
