0 33.33333333333333
1 33.33333333333333
2 67.61904761904762
3 69.52380952380952
4 70.47619047619048
5 33.33333333333333
6 13.333333333333334
7 13.333333333333334
8 14.285714285714285
9 14.285714285714285
10 14.285714285714285
11 14.285714285714285
12 14.285714285714285
13 14.285714285714285
14 14.285714285714285
15 14.285714285714285
16 14.285714285714285
17 14.285714285714285
18 14.285714285714285
19 14.285714285714285
20 14.285714285714285
21 14.285714285714285
22 14.285714285714285
23 14.285714285714285
24 14.285714285714285
25 14.285714285714285
26 14.285714285714285
27 14.285714285714285
28 14.285714285714285
29 14.285714285714285
30 15.238095238095239
31 15.238095238095239
32 14.285714285714285
33 14.285714285714285
34 14.285714285714285
35 14.285714285714285
36 14.285714285714285
37 14.285714285714285
38 14.285714285714285
39 14.285714285714285
40 14.285714285714285
41 14.285714285714285
42 14.285714285714285
43 14.285714285714285
44 13.333333333333334
45 13.333333333333334
46 13.333333333333334
47 13.333333333333334
48 13.333333333333334
49 13.333333333333334
50 13.333333333333334
51 13.333333333333334
52 13.333333333333334
53 13.333333333333334
54 13.333333333333334
55 13.333333333333334
56 13.333333333333334
57 13.333333333333334
58 13.333333333333334
59 13.333333333333334
60 13.333333333333334
61 14.285714285714285
62 14.285714285714285
63 13.333333333333334
64 13.333333333333334
65 13.333333333333334
66 13.333333333333334
67 13.333333333333334
68 13.333333333333334
69 14.285714285714285
70 14.285714285714285
71 13.333333333333334
72 13.333333333333334
73 14.285714285714285
74 14.285714285714285
75 14.285714285714285
76 14.285714285714285
77 14.285714285714285
78 14.285714285714285
79 14.285714285714285
80 14.285714285714285
81 14.285714285714285
82 15.238095238095239
83 14.285714285714285
84 14.285714285714285
85 14.285714285714285
86 14.285714285714285
87 13.333333333333334
88 12.380952380952381
89 12.380952380952381
90 10.476190476190476
91 10.476190476190476
92 11.428571428571429
93 10.476190476190476
94 10.476190476190476
95 9.523809523809524
96 9.523809523809524
97 8.571428571428571
98 8.571428571428571
99 7.6190476190476195
100 7.6190476190476195
101 12.380952380952381
102 16.19047619047619
103 17.142857142857142
104 20.0
105 22.857142857142858
106 22.857142857142858
107 24.761904761904763
108 26.666666666666668
109 28.57142857142857
110 28.57142857142857
111 28.57142857142857
112 28.57142857142857
113 29.523809523809526
114 29.523809523809526
115 29.523809523809526
116 29.523809523809526
117 29.523809523809526
118 29.523809523809526
119 29.523809523809526
120 29.523809523809526
121 30.476190476190478
122 30.476190476190478
123 30.476190476190478
124 30.476190476190478
125 30.476190476190478
126 30.476190476190478
127 30.476190476190478
128 30.476190476190478
129 30.476190476190478
130 30.476190476190478
131 30.476190476190478
132 30.476190476190478
133 30.476190476190478
134 30.476190476190478
135 30.476190476190478
136 30.476190476190478
137 30.476190476190478
138 30.476190476190478
139 30.476190476190478
140 31.428571428571427
141 31.428571428571427
142 31.428571428571427
143 31.428571428571427
144 31.428571428571427
145 33.33333333333333
146 33.33333333333333
147 32.38095238095238
148 32.38095238095238
149 32.38095238095238
150 32.38095238095238
151 32.38095238095238
152 32.38095238095238
153 32.38095238095238
154 32.38095238095238
155 32.38095238095238
156 32.38095238095238
157 32.38095238095238
158 32.38095238095238
159 32.38095238095238
160 32.38095238095238
161 32.38095238095238
162 32.38095238095238
163 32.38095238095238
164 32.38095238095238
165 32.38095238095238
166 32.38095238095238
167 32.38095238095238
168 32.38095238095238
169 32.38095238095238
170 32.38095238095238
171 32.38095238095238
172 32.38095238095238
173 32.38095238095238
174 31.428571428571427
175 31.428571428571427
176 31.428571428571427
177 31.428571428571427
178 31.428571428571427
179 31.428571428571427
180 31.428571428571427
181 31.428571428571427
182 31.428571428571427
183 31.428571428571427
184 31.428571428571427
185 31.428571428571427
186 31.428571428571427
187 31.428571428571427
188 31.428571428571427
189 32.38095238095238
190 32.38095238095238
191 31.428571428571427
192 31.428571428571427
193 31.428571428571427
194 31.428571428571427
195 32.38095238095238
196 32.38095238095238
197 32.38095238095238
198 32.38095238095238
199 32.38095238095238
200 32.38095238095238
201 32.38095238095238
202 32.38095238095238
203 33.33333333333333
204 32.38095238095238
205 34.285714285714285
206 34.285714285714285
207 34.285714285714285
208 34.285714285714285
209 33.33333333333333
210 33.33333333333333
211 33.33333333333333
212 33.33333333333333
213 33.33333333333333
214 33.33333333333333
215 34.285714285714285
216 34.285714285714285
217 34.285714285714285
218 34.285714285714285
219 35.23809523809524
220 34.285714285714285
221 34.285714285714285
222 34.285714285714285
223 35.23809523809524
224 35.23809523809524
225 36.19047619047619
226 67.61904761904762
227 67.61904761904762
228 71.42857142857143
229 33.33333333333333
230 4.761904761904762
231 5.714285714285714
232 5.714285714285714
233 6.666666666666667
234 7.6190476190476195
235 7.6190476190476195
236 7.6190476190476195
237 8.571428571428571
238 8.571428571428571
239 10.476190476190476
240 10.476190476190476
241 10.476190476190476
242 10.476190476190476
243 10.476190476190476
244 11.428571428571429
245 12.380952380952381
246 12.380952380952381
247 12.380952380952381
248 12.380952380952381
249 12.380952380952381
250 12.380952380952381
251 13.333333333333334
252 15.238095238095239
253 15.238095238095239
254 15.238095238095239
255 16.19047619047619
256 18.095238095238095
257 19.047619047619047
258 19.047619047619047
259 19.047619047619047
260 19.047619047619047
261 20.0
262 20.0
263 20.0
264 20.952380952380953
265 20.952380952380953
266 20.952380952380953
267 21.904761904761905
268 21.904761904761905
269 21.904761904761905
270 21.904761904761905
271 21.904761904761905
272 22.857142857142858
273 22.857142857142858
274 22.857142857142858
275 23.809523809523807
276 23.809523809523807
277 23.809523809523807
278 23.809523809523807
279 23.809523809523807
280 25.71428571428571
281 26.666666666666668
282 26.666666666666668
283 26.666666666666668
284 27.61904761904762
285 27.61904761904762
286 28.57142857142857
287 28.57142857142857
288 28.57142857142857
289 29.523809523809526
290 29.523809523809526
291 29.523809523809526
292 29.523809523809526
293 30.476190476190478
294 30.476190476190478
295 30.476190476190478
296 31.428571428571427
297 31.428571428571427
298 31.428571428571427
299 31.428571428571427
300 31.428571428571427
301 31.428571428571427
302 31.428571428571427
303 31.428571428571427
304 32.38095238095238
305 32.38095238095238
306 32.38095238095238
307 32.38095238095238
308 32.38095238095238
309 32.38095238095238
310 32.38095238095238
311 32.38095238095238
312 32.38095238095238
313 32.38095238095238
314 32.38095238095238
315 32.38095238095238
316 32.38095238095238
317 32.38095238095238
318 32.38095238095238
319 32.38095238095238
320 32.38095238095238
321 32.38095238095238
322 32.38095238095238
323 32.38095238095238
324 32.38095238095238
325 32.38095238095238
326 32.38095238095238
327 32.38095238095238
328 33.33333333333333
329 33.33333333333333
330 33.33333333333333
331 33.33333333333333
332 33.33333333333333
333 33.33333333333333
334 33.33333333333333
335 33.33333333333333
336 33.33333333333333
337 33.33333333333333
338 33.33333333333333
339 33.33333333333333
340 33.33333333333333
341 33.33333333333333
342 33.33333333333333
343 33.33333333333333
344 33.33333333333333
345 33.33333333333333
346 33.33333333333333
347 33.33333333333333
348 33.33333333333333
349 33.33333333333333
350 33.33333333333333
351 33.33333333333333
352 33.33333333333333
353 33.33333333333333
354 33.33333333333333
355 33.33333333333333
356 33.33333333333333
357 33.33333333333333
358 33.33333333333333
359 33.33333333333333
360 33.33333333333333
361 33.33333333333333
362 33.33333333333333
363 33.33333333333333
364 33.33333333333333
365 33.33333333333333
366 33.33333333333333
367 33.33333333333333
368 33.33333333333333
369 33.33333333333333
370 33.33333333333333
371 33.33333333333333
372 33.33333333333333
373 33.33333333333333
374 33.33333333333333
375 33.33333333333333
376 33.33333333333333
377 33.33333333333333
378 33.33333333333333
379 33.33333333333333
380 33.33333333333333
381 33.33333333333333
382 33.33333333333333
383 33.33333333333333
384 33.33333333333333
385 33.33333333333333
386 33.33333333333333
387 33.33333333333333
388 33.33333333333333
389 33.33333333333333
390 33.33333333333333
391 33.33333333333333
392 33.33333333333333
393 33.33333333333333
394 33.33333333333333
395 33.33333333333333
396 33.33333333333333
397 33.33333333333333
398 33.33333333333333
399 33.33333333333333
400 33.33333333333333
401 33.33333333333333
402 33.33333333333333
403 33.33333333333333
404 33.33333333333333
405 33.33333333333333
406 33.33333333333333
407 33.33333333333333
408 33.33333333333333
409 33.33333333333333
410 33.33333333333333
411 33.33333333333333
412 33.33333333333333
413 66.66666666666666
414 66.66666666666666
415 66.66666666666666
416 66.66666666666666
417 67.61904761904762
418 67.61904761904762
419 68.57142857142857
420 70.47619047619048
421 74.28571428571429
422 67.61904761904762
423 68.57142857142857
424 70.47619047619048
425 67.61904761904762
426 67.61904761904762
427 67.61904761904762
428 66.66666666666666
429 67.61904761904762
430 66.66666666666666
431 66.66666666666666
432 67.61904761904762
433 68.57142857142857
434 76.19047619047619
435 68.57142857142857
436 66.66666666666666
437 67.61904761904762
438 75.23809523809524
439 67.61904761904762
440 76.19047619047619
441 87.61904761904762
442 66.66666666666666
443 70.47619047619048
444 66.66666666666666
445 66.66666666666666
446 70.47619047619048
447 66.66666666666666
448 66.66666666666666
449 66.66666666666666
450 67.61904761904762
451 66.66666666666666
452 66.66666666666666
453 67.61904761904762
454 70.47619047619048
455 66.66666666666666
456 66.66666666666666
457 67.61904761904762
458 67.61904761904762
459 70.47619047619048
460 67.61904761904762
461 67.61904761904762
462 70.47619047619048
463 67.61904761904762
464 70.47619047619048
465 73.33333333333333
466 66.66666666666666
467 66.66666666666666
468 66.66666666666666
469 66.66666666666666
470 66.66666666666666
471 66.66666666666666
472 66.66666666666666
473 66.66666666666666
474 66.66666666666666
475 66.66666666666666
476 66.66666666666666
477 66.66666666666666
478 66.66666666666666
479 66.66666666666666
480 66.66666666666666
481 66.66666666666666
482 66.66666666666666
483 66.66666666666666
484 66.66666666666666
485 66.66666666666666
486 66.66666666666666
487 66.66666666666666
488 66.66666666666666
489 66.66666666666666
490 66.66666666666666
491 66.66666666666666
492 66.66666666666666
493 66.66666666666666
494 66.66666666666666
495 66.66666666666666
496 66.66666666666666
497 66.66666666666666
498 66.66666666666666
499 66.66666666666666
500 66.66666666666666
501 66.66666666666666
502 66.66666666666666
503 66.66666666666666
504 66.66666666666666
505 66.66666666666666
506 66.66666666666666
507 66.66666666666666
508 66.66666666666666
509 66.66666666666666
510 66.66666666666666
511 66.66666666666666
512 66.66666666666666
513 66.66666666666666
514 66.66666666666666
515 66.66666666666666
516 66.66666666666666
517 66.66666666666666
518 66.66666666666666
519 66.66666666666666
520 66.66666666666666
521 66.66666666666666
522 66.66666666666666
523 66.66666666666666
524 66.66666666666666
525 66.66666666666666
526 66.66666666666666
527 66.66666666666666
528 66.66666666666666
529 66.66666666666666
530 66.66666666666666
531 66.66666666666666
532 66.66666666666666
533 66.66666666666666
534 66.66666666666666
535 66.66666666666666
536 66.66666666666666
537 66.66666666666666
538 66.66666666666666
539 66.66666666666666
540 66.66666666666666
541 66.66666666666666
542 66.66666666666666
543 66.66666666666666
544 66.66666666666666
545 66.66666666666666
546 66.66666666666666
547 66.66666666666666
548 66.66666666666666
549 66.66666666666666
550 66.66666666666666
551 66.66666666666666
552 66.66666666666666
553 66.66666666666666
554 66.66666666666666
555 66.66666666666666
556 66.66666666666666
557 66.66666666666666
558 66.66666666666666
559 67.61904761904762
560 67.61904761904762
561 67.61904761904762
562 67.61904761904762
563 67.61904761904762
564 67.61904761904762
565 67.61904761904762
566 67.61904761904762
567 67.61904761904762
568 67.61904761904762
569 67.61904761904762
570 67.61904761904762
571 67.61904761904762
572 67.61904761904762
573 67.61904761904762
574 67.61904761904762
575 67.61904761904762
576 67.61904761904762
577 67.61904761904762
578 67.61904761904762
579 67.61904761904762
580 67.61904761904762
581 67.61904761904762
582 67.61904761904762
583 67.61904761904762
584 67.61904761904762
585 67.61904761904762
586 67.61904761904762
587 67.61904761904762
588 67.61904761904762
589 67.61904761904762
590 67.61904761904762
591 67.61904761904762
592 67.61904761904762
593 67.61904761904762
594 67.61904761904762
595 67.61904761904762
596 67.61904761904762
597 67.61904761904762
598 67.61904761904762
599 67.61904761904762
600 67.61904761904762
601 67.61904761904762
602 67.61904761904762
603 67.61904761904762
604 67.61904761904762
605 67.61904761904762
606 67.61904761904762
607 67.61904761904762
608 67.61904761904762
609 67.61904761904762
610 67.61904761904762
611 67.61904761904762
612 67.61904761904762
613 67.61904761904762
614 68.57142857142857
615 68.57142857142857
616 68.57142857142857
617 68.57142857142857
618 68.57142857142857
619 69.52380952380952
620 69.52380952380952
621 69.52380952380952
622 69.52380952380952
623 69.52380952380952
624 69.52380952380952
625 69.52380952380952
626 70.47619047619048
627 70.47619047619048
628 70.47619047619048
629 70.47619047619048
630 70.47619047619048
631 70.47619047619048
632 70.47619047619048
633 70.47619047619048
634 70.47619047619048
635 70.47619047619048
636 70.47619047619048
637 70.47619047619048
638 70.47619047619048
639 70.47619047619048
640 71.42857142857143
641 73.33333333333333
642 77.14285714285715
643 70.47619047619048
644 66.66666666666666
645 66.66666666666666
646 66.66666666666666
647 66.66666666666666
648 66.66666666666666
649 67.61904761904762
650 67.61904761904762
651 67.61904761904762
652 70.47619047619048
653 71.42857142857143
654 73.33333333333333
655 66.66666666666666
656 66.66666666666666
657 66.66666666666666
658 67.61904761904762
659 67.61904761904762
660 67.61904761904762
661 69.52380952380952
662 70.47619047619048
663 66.66666666666666
664 67.61904761904762
665 69.52380952380952
666 70.47619047619048
667 71.42857142857143
668 66.66666666666666
669 67.61904761904762
670 67.61904761904762
671 69.52380952380952
672 70.47619047619048
673 70.47619047619048
674 66.66666666666666
675 69.52380952380952
676 70.47619047619048
677 71.42857142857143
678 66.66666666666666
679 66.66666666666666
680 66.66666666666666
681 66.66666666666666
682 67.61904761904762
683 67.61904761904762
684 68.57142857142857
685 69.52380952380952
686 70.47619047619048
687 70.47619047619048
688 66.66666666666666
689 67.61904761904762
690 67.61904761904762
691 67.61904761904762
692 69.52380952380952
693 69.52380952380952
694 70.47619047619048
695 71.42857142857143
696 66.66666666666666
697 66.66666666666666
698 73.33333333333333
699 67.61904761904762
700 69.52380952380952
701 70.47619047619048
702 66.66666666666666
703 66.66666666666666
704 66.66666666666666
705 67.61904761904762
706 67.61904761904762
707 68.57142857142857
708 69.52380952380952
709 70.47619047619048
710 71.42857142857143
711 66.66666666666666
712 66.66666666666666
713 67.61904761904762
714 67.61904761904762
715 68.57142857142857
716 69.52380952380952
717 70.47619047619048
718 70.47619047619048
719 82.85714285714286
720 66.66666666666666
721 66.66666666666666
722 67.61904761904762
723 67.61904761904762
724 69.52380952380952
725 70.47619047619048
726 70.47619047619048
727 66.66666666666666
728 66.66666666666666
729 67.61904761904762
730 68.57142857142857
731 69.52380952380952
732 70.47619047619048
733 70.47619047619048
734 77.14285714285715
735 70.47619047619048
736 71.42857142857143
737 69.52380952380952
738 69.52380952380952
739 70.47619047619048
740 71.42857142857143
741 66.66666666666666
742 71.42857142857143
743 66.66666666666666
744 66.66666666666666
745 66.66666666666666
746 66.66666666666666
747 66.66666666666666
748 67.61904761904762
749 67.61904761904762
750 67.61904761904762
751 68.57142857142857
752 69.52380952380952
753 69.52380952380952
754 70.47619047619048
755 70.47619047619048
756 76.19047619047619
757 69.52380952380952
758 70.47619047619048
759 70.47619047619048
760 72.38095238095238
761 66.66666666666666
762 66.66666666666666
763 66.66666666666666
764 67.61904761904762
765 67.61904761904762
766 67.61904761904762
767 68.57142857142857
768 69.52380952380952
769 69.52380952380952
770 70.47619047619048
771 70.47619047619048
772 71.42857142857143
773 66.66666666666666
774 66.66666666666666
775 66.66666666666666
776 67.61904761904762
777 67.61904761904762
778 67.61904761904762
779 67.61904761904762
780 68.57142857142857
781 69.52380952380952
782 69.52380952380952
783 70.47619047619048
784 70.47619047619048
785 70.47619047619048
786 72.38095238095238
787 66.66666666666666
788 67.61904761904762
789 68.57142857142857
790 69.52380952380952
791 69.52380952380952
792 70.47619047619048
793 70.47619047619048
794 71.42857142857143
795 73.33333333333333
796 76.19047619047619
797 70.47619047619048
798 67.61904761904762
799 70.47619047619048
800 66.66666666666666
801 66.66666666666666
802 67.61904761904762
803 69.52380952380952
804 72.38095238095238
805 67.61904761904762
806 69.52380952380952
807 70.47619047619048
808 68.57142857142857
809 69.52380952380952
810 72.38095238095238
811 66.66666666666666
812 66.66666666666666
813 66.66666666666666
814 66.66666666666666
815 66.66666666666666
816 66.66666666666666
817 66.66666666666666
818 66.66666666666666
819 66.66666666666666
820 66.66666666666666
821 66.66666666666666
822 66.66666666666666
823 66.66666666666666
824 67.61904761904762
825 67.61904761904762
826 67.61904761904762
827 67.61904761904762
828 68.57142857142857
829 69.52380952380952
830 69.52380952380952
831 70.47619047619048
832 70.47619047619048
833 73.33333333333333
834 81.9047619047619
835 66.66666666666666
836 66.66666666666666
837 66.66666666666666
838 66.66666666666666
839 66.66666666666666
840 66.66666666666666
841 66.66666666666666
842 66.66666666666666
843 66.66666666666666
844 66.66666666666666
845 66.66666666666666
846 66.66666666666666
847 67.61904761904762
848 67.61904761904762
849 67.61904761904762
850 67.61904761904762
851 67.61904761904762
852 67.61904761904762
853 68.57142857142857
854 69.52380952380952
855 69.52380952380952
856 70.47619047619048
857 70.47619047619048
858 70.47619047619048
859 71.42857142857143
860 90.47619047619048
861 70.47619047619048
862 70.47619047619048
863 71.42857142857143
864 66.66666666666666
865 66.66666666666666
866 66.66666666666666
867 66.66666666666666
868 66.66666666666666
869 66.66666666666666
870 66.66666666666666
871 66.66666666666666
872 66.66666666666666
873 66.66666666666666
874 67.61904761904762
875 67.61904761904762
876 67.61904761904762
877 67.61904761904762
878 68.57142857142857
879 68.57142857142857
880 69.52380952380952
881 69.52380952380952
882 70.47619047619048
883 70.47619047619048
884 70.47619047619048
885 71.42857142857143
886 91.42857142857143
887 66.66666666666666
888 66.66666666666666
889 66.66666666666666
890 66.66666666666666
891 66.66666666666666
892 67.61904761904762
893 67.61904761904762
894 67.61904761904762
895 67.61904761904762
896 67.61904761904762
897 68.57142857142857
898 68.57142857142857
899 69.52380952380952
900 69.52380952380952
901 70.47619047619048
902 70.47619047619048
903 71.42857142857143
904 73.33333333333333
905 70.47619047619048
906 70.47619047619048
907 72.38095238095238
908 81.9047619047619
909 66.66666666666666
910 66.66666666666666
911 66.66666666666666
912 66.66666666666666
913 66.66666666666666
914 66.66666666666666
915 66.66666666666666
916 66.66666666666666
917 67.61904761904762
918 67.61904761904762
919 67.61904761904762
920 67.61904761904762
921 68.57142857142857
922 68.57142857142857
923 69.52380952380952
924 69.52380952380952
925 70.47619047619048
926 70.47619047619048
927 71.42857142857143
928 74.28571428571429
929 66.66666666666666
930 66.66666666666666
931 66.66666666666666
932 66.66666666666666
933 66.66666666666666
934 66.66666666666666
935 66.66666666666666
936 66.66666666666666
937 66.66666666666666
938 67.61904761904762
939 67.61904761904762
940 67.61904761904762
941 67.61904761904762
942 67.61904761904762
943 68.57142857142857
944 68.57142857142857
945 69.52380952380952
946 69.52380952380952
947 69.52380952380952
948 70.47619047619048
949 70.47619047619048
950 70.47619047619048
951 71.42857142857143
952 72.38095238095238
953 67.61904761904762
954 73.33333333333333
955 71.42857142857143
956 66.66666666666666
957 70.47619047619048
958 70.47619047619048
959 71.42857142857143
960 67.61904761904762
961 66.66666666666666
962 66.66666666666666
963 66.66666666666666
964 66.66666666666666
965 66.66666666666666
966 66.66666666666666
967 67.61904761904762
968 67.61904761904762
969 67.61904761904762
970 68.57142857142857
971 69.52380952380952
972 69.52380952380952
973 70.47619047619048
974 70.47619047619048
975 71.42857142857143
976 83.80952380952381
977 66.66666666666666
978 66.66666666666666
979 66.66666666666666
980 66.66666666666666
981 66.66666666666666
982 66.66666666666666
983 67.61904761904762
984 67.61904761904762
985 67.61904761904762
986 67.61904761904762
987 68.57142857142857
988 68.57142857142857
989 69.52380952380952
990 69.52380952380952
991 70.47619047619048
992 70.47619047619048
993 71.42857142857143
994 72.38095238095238
995 76.19047619047619
996 66.66666666666666
997 66.66666666666666
998 66.66666666666666
999 66.66666666666666
1000 66.66666666666666
