1 5.7385267329
2 4.85558736784
3 4.65752971568
4 4.3544841278
5 4.03579838452
6 3.68224689321
7 3.35212455468
8 3.11476612405
9 2.97784790118
10 2.90076579152
11 2.84923337099
12 2.80763320425
13 2.77020442026
14 2.73478495589
15 2.70045866158
16 2.66678575162
17 2.63353604888
18 2.600582703
19 2.56785373105
20 2.53530784236
21 2.50292187303
22 2.47068426545
23 2.43859180609
24 2.40664807281
25 2.37486267911
26 2.34325078058
27 2.31183255827
28 2.28063256239
29 2.24967890671
30 2.21900236115
31 2.18863540956
32 2.15861133596
33 2.12896338586
34 2.09972403104
35 2.07092434924
36 2.04259351909
37 2.01475842316
38 1.98744334917
39 1.96066977833
40 1.93445625031
41 1.90881829518
42 1.88376842368
43 1.85931616789
44 1.83546816504
45 1.81222827744
46 1.78959774207
47 1.76757534339
48 1.74615760353
49 1.72533898402
50 1.7051120943
51 1.68546790194
52 1.66639594092
53 1.64788451434
54 1.62992088876
55 1.61249147802
56 1.59558201497
57 1.57917770982
58 1.56326339463
59 1.54782365365
60 1.53284293955
61 1.51830567607
62 1.50419634739
63 1.49049957529
64 1.47720018464
65 1.46428325833
66 1.4517341825
67 1.43953868296
68 1.42768285391
69 1.41615317956
70 1.40493654976
71 1.39402027026
72 1.38339206843
73 1.37304009493
74 1.36295292219
75 1.35311953999
76 1.34352934875
77 1.33417215093
78 1.32503814091
79 1.31611789365
80 1.30740235244
81 1.29888281603
82 1.29055092521
83 1.28239864915
84 1.2744182716
85 1.2666023771
86 1.25894383721
87 1.25143579698
88 1.24407166166
89 1.23684508369
90 1.22974995002
91 1.22278036988
92 1.21593066285
93 1.20919534747
94 1.20256913017
95 1.19604689474
96 1.18962369215
97 1.18329473094
98 1.17705536791
99 1.17090109938
100 1.16482755278
101 1.15883047878
102 1.15290574371
103 1.14704932255
104 1.1412572922
105 1.13552582522
106 1.12985118396
107 1.12422971511
108 1.11865784459
109 1.11313207284
110 1.10764897057
111 1.10220517479
112 1.09679738529
113 1.0914223615
114 1.08607691972
115 1.08075793075
116 1.07546231791
117 1.07018705545
118 1.06492916737
119 1.05968572664
120 1.05445385478
121 1.04923072192
122 1.04401354723
123 1.0387995997
124 1.03358619943
125 1.02837071925
126 1.02315058675
127 1.01792328669
128 1.01268636382
129 1.007437426
130 1.00217414775
131 0.996894273985
132 0.991595624217
133 0.986276096874
134 0.980933673931
135 0.975566425702
136 0.970172515797
137 0.964750206169
138 0.959297862224
139 0.953813957928
140 0.948297080858
141 0.942745937141
142 0.93715935622
143 0.931536295394
144 0.925875844055
145 0.920177227592
146 0.914439810876
147 0.908663101301
148 0.902846751312
149 0.896990560383
150 0.891094476415
151 0.88515859651
152 0.879183167103
153 0.873168583432
154 0.867115388339
155 0.861024270401
156 0.854896061388
157 0.848731733074
158 0.84253239341
159 0.836299282094
160 0.830033765569
161 0.823737331489
162 0.817411582688
163 0.811058230719
164 0.804679088994
165 0.798276065588
166 0.791851155759
167 0.785406434244
168 0.778944047379
169 0.772466205096
170 0.765975172868
171 0.759473263624
172 0.752962829706
173 0.74644625491
174 0.739925946638
175 0.733404328225
176 0.726883831449
177 0.720366889289
178 0.713855928925
179 0.707353365032
180 0.700861593374
181 0.694382984726
182 0.687919879126
183 0.681474580487
184 0.675049351553
185 0.668646409236
186 0.662267920301
187 0.65591599743
188 0.649592695647
189 0.643300009106
190 0.637039868231
191 0.630814137211
192 0.624624611828
193 0.618473017619
194 0.612361008358
195 0.606290164836
196 0.600261993946
197 0.594277928039
198 0.588339324553
199 0.582447465883
200 0.576603559499
201 0.570808738281
202 0.565064061053
203 0.559370513322
204 0.553729008184
205 0.548140387394
206 0.542605422585
207 0.537124816621
208 0.531699205065
209 0.526329157757
210 0.52101518049
211 0.515757716758
212 0.510557149578
213 0.505413803376
214 0.500327945911
215 0.495299790242
216 0.490329496726
217 0.485417175029
218 0.480562886154
219 0.47576664447
220 0.471028419737
221 0.466348139123
222 0.461725689206
223 0.457160917948
224 0.452653636653
225 0.448203621886
226 0.44381061736
227 0.43947433579
228 0.435194460697
229 0.430970648172
230 0.426802528601
231 0.42268970833
232 0.418631771291
233 0.414628280572
234 0.410678779935
235 0.406782795288
236 0.402939836098
237 0.399149396754
238 0.395410957875
239 0.391723987574
240 0.388087942658
241 0.384502269783
242 0.38096640656
243 0.377479782606
244 0.374041820551
245 0.370651936992
246 0.367309543404
247 0.364014047002
248 0.360764851561
249 0.357561358193
250 0.354402966076
251 0.351289073151
252 0.348219076773
253 0.345192374326
254 0.342208363802
255 0.339266444343
256 0.336366016749
257 0.333506483956
258 0.330687251477
259 0.327907727819
260 0.325167324869
261 0.322465458246
262 0.319801547641
263 0.317175017115
264 0.314585295386
265 0.312031816085
266 0.309514017996
267 0.307031345271
268 0.304583247627
269 0.302169180524
270 0.299788605328
271 0.29744098945
272 0.295125806477
273 0.292842536287
274 0.290590665142
275 0.288369685779
276 0.286179097477
277 0.284018406125
278 0.281887124265
279 0.279784771136
280 0.2777108727
281 0.275664961665
282 0.273646577494
283 0.271655266412
284 0.269690581399
285 0.267752082179
286 0.265839335204
287 0.263951913631
288 0.262089397291
289 0.260251372653
290 0.25843743279
291 0.256647177331
292 0.254880212413
293 0.253136150631
294 0.251414610984
295 0.249715218814
296 0.248037605746
297 0.246381409625
298 0.244746274451
299 0.243131850307
300 0.241537793293
301 0.239963765452
302 0.238409434698
303 0.23687447474
304 0.23535856501
305 0.233861390582
306 0.232382642097
307 0.230922015684
308 0.229479212886
309 0.228053940572
310 0.226645910868
311 0.225254841069
312 0.223880453568
313 0.222522475769
314 0.221180640011
315 0.219854683492
316 0.218544348184
317 0.21724938076
318 0.215969532514
319 0.214704559283
320 0.21345422137
321 0.212218283469
322 0.21099651459
323 0.209788687981
324 0.208594581054
325 0.207413975315
326 0.206246656288
327 0.205092413443
328 0.203951040125
329 0.202822333487
330 0.201706094415
331 0.200602127464
332 0.199510240786
333 0.198430246069
334 0.197361958467
335 0.196305196533
336 0.195259782164
337 0.194225540527
338 0.193202300004
339 0.19218989213
340 0.191188151532
341 0.190196915868
342 0.189216025772
343 0.188245324796
344 0.187284659352
345 0.186333878659
346 0.185392834687
347 0.184461382103
348 0.183539378222
349 0.182626682952
350 0.181723158743
351 0.18082867054
352 0.179943085733
353 0.179066274108
354 0.178198107801
355 0.177338461251
356 0.176487211158
357 0.175644236433
358 0.174809418156
359 0.173982639539
360 0.173163785875
361 0.172352744503
362 0.171549404766
363 0.170753657971
364 0.16996539735
365 0.169184518022
366 0.168410916958
367 0.16764449294
368 0.16688514653
369 0.166132780031
370 0.165387297454
371 0.164648604485
372 0.163916608451
373 0.163191218289
374 0.162472344512
375 0.161759899179
376 0.161053795865
377 0.160353949631
378 0.159660276995
379 0.158972695903
380 0.158291125699
381 0.157615487103
382 0.156945702176
383 0.156281694303
384 0.155623388159
385 0.154970709689
386 0.154323586081
387 0.153681945741
388 0.153045718273
389 0.152414834451
390 0.151789226199
391 0.151168826568
392 0.150553569717
393 0.149943390885
394 0.149338226376
395 0.148738013537
396 0.148142690737
397 0.147552197348
398 0.146966473726
399 0.146385461191
400 0.145809102011
401 0.14523733938
402 0.144670117405
403 0.144107381085
404 0.143549076296
405 0.142995149774
406 0.142445549098
407 0.141900222674
408 0.141359119722
409 0.140822190258
410 0.140289385079
411 0.139760655751
412 0.13923595459
413 0.138715234655
414 0.138198449727
415 0.137685554299
416 0.137176503564
417 0.136671253399
418 0.136169760356
419 0.135671981646
420 0.135177875129
421 0.134687399301
422 0.134200513283
423 0.133717176811
424 0.133237350223
425 0.132760994446
426 0.132288070992
427 0.13181854194
428 0.13135236993
429 0.130889518153
430 0.130429950339
431 0.129973630748
432 0.129520524163
433 0.129070595876
434 0.128623811684
435 0.128180137878
436 0.127739541231
437 0.127301988995
438 0.12686744889
439 0.126435889096
440 0.126007278243
441 0.125581585407
442 0.125158780101
443 0.124738832263
444 0.124321712256
445 0.123907390856
446 0.123495839246
447 0.123087029007
448 0.122680932116
449 0.122277520934
450 0.121876768204
451 0.12147864704
452 0.121083130925
453 0.120690193703
454 0.120299809569
455 0.119911953073
456 0.119526599102
457 0.119143722884
458 0.118763299977
459 0.118385306265
460 0.118009717955
461 0.117636511565
462 0.117265663928
463 0.116897152179
464 0.116530953755
465 0.116167046385
466 0.115805408093
467 0.115446017185
468 0.115088852249
469 0.114733892151
470 0.114381116027
471 0.114030503283
472 0.113682033585
473 0.113335686861
474 0.112991443294
475 0.112649283317
476 0.112309187609
477 0.111971137095
478 0.111635112937
479 0.111301096533
480 0.110969069514
481 0.110639013737
482 0.110310911285
483 0.109984744464
484 0.109660495795
485 0.109338148013
486 0.109017684067
487 0.108699087112
488 0.108382340508
489 0.108067427816
490 0.107754332797
491 0.107443039405
492 0.10713353179
493 0.106825794287
494 0.106519811422
495 0.106215567904
496 0.10591304862
497 0.105612238641
498 0.105313123208
499 0.10501568774
500 0.104719917823
501 0.104425799215
502 0.104133317836
503 0.10384245977
504 0.103553211265
505 0.103265558723
506 0.102979488705
507 0.102694987926
508 0.102412043251
509 0.102130641696
510 0.101850770423
511 0.101572416742
512 0.101295568102
513 0.101020212097
514 0.100746336458
515 0.100473929054
516 0.100202977889
517 0.0999334710994
518 0.099665396955
519 0.0993987438538
520 0.0991335003219
521 0.0988696550113
522 0.0986071966985
523 0.0983461142823
524 0.0980863967825
525 0.0978280333381
526 0.0975710132054
527 0.0973153257568
528 0.097060960479
529 0.0968079069716
530 0.0965561549452
531 0.0963056942204
532 0.0960565147259
533 0.0958086064972
534 0.0955619596752
535 0.0953165645047
536 0.0950724113331
537 0.0948294906091
538 0.094587792881
539 0.0943473087958
540 0.0941080290977
541 0.0938699446268
542 0.0936330463179
543 0.0933973251992
544 0.0931627723911
545 0.0929293791051
546 0.0926971366424
547 0.092466036393
548 0.0922360698343
549 0.0920072285302
550 0.0917795041296
551 0.091552888366
552 0.0913273730557
553 0.091102950097
554 0.0908796114695
555 0.0906573492325
556 0.0904361555242
557 0.0902160225612
558 0.0899969426364
559 0.0897789081194
560 0.0895619114544
561 0.0893459451598
562 0.0891310018274
563 0.088917074121
564 0.0887041547761
565 0.0884922365983
566 0.0882813124633
567 0.0880713753153
568 0.0878624181664
569 0.087654434096
570 0.0874474162497
571 0.0872413578386
572 0.0870362521384
573 0.0868320924888
574 0.0866288722926
575 0.086426585015
576 0.0862252241829
577 0.0860247833837
578 0.0858252562656
579 0.0856266365356
580 0.0854289179598
581 0.0852320943624
582 0.0850361596246
583 0.0848411076847
584 0.0846469325366
585 0.0844536282298
586 0.0842611888684
587 0.0840696086107
588 0.0838788816683
589 0.0836890023056
590 0.0834999648394
591 0.0833117636377
592 0.0831243931199
593 0.0829378477557
594 0.0827521220644
595 0.082567210615
596 0.0823831080248
597 0.0821998089596
598 0.0820173081323
599 0.0818356003035
600 0.0816546802798
601 0.0814745429141
602 0.0812951831046
603 0.0811165957947
604 0.0809387759721
605 0.0807617186684
606 0.080585418959
607 0.080409871962
608 0.0802350728381
609 0.0800610167902
610 0.0798876990626
611 0.0797151149408
612 0.0795432597511
613 0.0793721288598
614 0.0792017176732
615 0.0790320216369
616 0.0788630362353
617 0.0786947569916
618 0.0785271794669
619 0.0783602992599
620 0.0781941120068
621 0.0780286133805
622 0.0778637990904
623 0.0776996648822
624 0.077536206537
625 0.0773734198714
626 0.0772113007369
627 0.0770498450196
628 0.0768890486398
629 0.0767289075517
630 0.0765694177429
631 0.0764105752342
632 0.0762523760792
633 0.0760948163639
634 0.0759378922066
635 0.0757815997571
636 0.0756259351969
637 0.0754708947384
638 0.0753164746249
639 0.0751626711304
640 0.0750094805587
641 0.0748568992436
642 0.0747049235487
643 0.0745535498665
644 0.0744027746186
645 0.0742525942553
646 0.0741030052552
647 0.073954004125
648 0.0738055873993
649 0.0736577516401
650 0.0735104934366
651 0.0733638094051
652 0.0732176961885
653 0.0730721504561
654 0.0729271689036
655 0.0727827482523
656 0.0726388852494
657 0.0724955766673
658 0.0723528193035
659 0.0722106099808
660 0.0720689455461
661 0.0719278228712
662 0.0717872388516
663 0.0716471904072
664 0.0715076744813
665 0.0713686880406
666 0.0712302280754
667 0.0710922915987
668 0.0709548756463
669 0.0708179772768
670 0.0706815935709
671 0.0705457216315
672 0.0704103585837
673 0.0702755015738
674 0.0701411477701
675 0.0700072943619
676 0.0698739385597
677 0.069741077595
678 0.0696087087197
679 0.0694768292065
680 0.0693454363484
681 0.0692145274583
682 0.0690840998692
683 0.0689541509339
684 0.0688246780245
685 0.0686956785328
686 0.0685671498695
687 0.0684390894646
688 0.0683114947666
689 0.0681843632431
690 0.0680576923798
691 0.0679314796809
692 0.0678057226687
693 0.0676804188836
694 0.0675555658837
695 0.0674311612448
696 0.0673072025601
697 0.0671836874404
698 0.0670606135133
699 0.0669379784238
700 0.0668157798335
701 0.0666940154209
702 0.0665726828809
703 0.066451779925
704 0.0663313042807
705 0.0662112536919
706 0.0660916259184
707 0.0659724187357
708 0.0658536299351
709 0.0657352573234
710 0.065617298723
711 0.0654997519713
712 0.0653826149211
713 0.0652658854399
714 0.0651495614105
715 0.06503364073
716 0.0649181213104
717 0.0648030010782
718 0.064688277974
719 0.0645739499529
720 0.064460014984
721 0.0643464710504
722 0.064233316149
723 0.0641205482907
724 0.0640081654996
725 0.0638961658138
726 0.0637845472843
727 0.0636733079758
728 0.0635624459659
729 0.0634519593453
730 0.0633418462177
731 0.0632321046996
732 0.0631227329202
733 0.0630137290214
734 0.0629050911574
735 0.0627968174951
736 0.0626889062133
737 0.0625813555033
738 0.0624741635684
739 0.0623673286238
740 0.0622608488968
741 0.0621547226261
742 0.0620489480626
743 0.0619435234682
744 0.0618384471168
745 0.0617337172935
746 0.0616293322945
747 0.0615252904275
748 0.0614215900112
749 0.0613182293753
750 0.0612152068604
751 0.0611125208181
752 0.0610101696105
753 0.0609081516106
754 0.0608064652019
755 0.0607051087782
756 0.060604080744
757 0.0605033795138
758 0.0604030035127
759 0.0603029511757
760 0.0602032209479
761 0.0601038112844
762 0.0600047206503
763 0.0599059475203
764 0.059807490379
765 0.0597093477207
766 0.0596115180493
767 0.059513999878
768 0.0594167917297
769 0.0593198921365
770 0.0592232996399
771 0.0591270127905
772 0.0590310301481
773 0.0589353502815
774 0.0588399717685
775 0.0587448931961
776 0.0586501131597
777 0.0585556302638
778 0.0584614431215
779 0.0583675503545
780 0.0582739505933
781 0.0581806424767
782 0.0580876246519
783 0.0579948957746
784 0.0579024545089
785 0.057810299527
786 0.0577184295092
787 0.0576268431442
788 0.0575355391285
789 0.0574445161667
790 0.0573537729714
791 0.0572633082629
792 0.0571731207696
793 0.0570832092272
794 0.0569935723796
795 0.0569042089779
796 0.0568151177811
797 0.0567262975556
798 0.0566377470751
799 0.056549465121
800 0.0564614504818
801 0.0563737019535
802 0.0562862183391
803 0.056198998449
804 0.0561120411006
805 0.0560253451184
806 0.055938909334
807 0.0558527325858
808 0.0557668137192
809 0.0556811515867
810 0.0555957450471
811 0.0555105929665
812 0.0554256942173
813 0.0553410476788
814 0.0552566522368
815 0.0551725067838
816 0.0550886102187
817 0.0550049614468
818 0.0549215593799
819 0.0548384029363
820 0.0547554910405
821 0.0546728226231
822 0.0545903966213
823 0.0545082119782
824 0.0544262676432
825 0.0543445625718
826 0.0542630957253
827 0.0541818660713
828 0.0541008725834
829 0.0540201142408
830 0.0539395900288
831 0.0538592989385
832 0.0537792399669
833 0.0536994121165
834 0.0536198143957
835 0.0535404458186
836 0.0534613054049
837 0.0533823921796
838 0.0533037051737
839 0.0532252434235
840 0.0531470059706
841 0.0530689918624
842 0.0529912001514
843 0.0529136298956
844 0.0528362801582
845 0.0527591500077
846 0.052682238518
847 0.0526055447681
848 0.052529067842
849 0.0524528068291
850 0.0523767608238
851 0.0523009289254
852 0.0522253102385
853 0.0521499038725
854 0.0520747089418
855 0.0519997245658
856 0.0519249498686
857 0.0518503839792
858 0.0517760260317
859 0.0517018751646
860 0.0516279305213
861 0.05155419125
862 0.0514806565034
863 0.0514073254391
864 0.0513341972191
865 0.0512612710101
866 0.0511885459834
867 0.0511160213146
868 0.0510436961841
869 0.0509715697765
870 0.050899641281
871 0.0508279098912
872 0.050756374805
873 0.0506850352247
874 0.0506138903567
875 0.0505429394121
876 0.050472181606
877 0.0504016161576
878 0.0503312422906
879 0.0502610592327
880 0.0501910662157
881 0.0501212624757
882 0.0500516472526
883 0.0499822197907
884 0.0499129793381
885 0.0498439251469
886 0.0497750564733
887 0.0497063725774
888 0.0496378727232
889 0.0495695561787
890 0.0495014222156
891 0.0494334701095
892 0.0493656991401
893 0.0492981085904
894 0.0492306977476
895 0.0491634659024
896 0.0490964123494
897 0.0490295363867
898 0.0489628373163
899 0.0488963144436
900 0.0488299670779
901 0.0487637945318
902 0.0486977961217
903 0.0486319711676
904 0.0485663189928
905 0.0485008389242
906 0.0484355302924
907 0.0483703924311
908 0.0483054246778
909 0.0482406263731
910 0.0481759968612
911 0.0481115354896
912 0.0480472416092
913 0.0479831145742
914 0.0479191537421
915 0.0478553584737
916 0.0477917281331
917 0.0477282620876
918 0.0476649597078
919 0.0476018203673
920 0.0475388434432
921 0.0474760283156
922 0.0474133743676
923 0.0473508809857
924 0.0472885475593
925 0.047226373481
926 0.0471643581465
927 0.0471025009544
928 0.0470408013064
929 0.0469792586072
930 0.0469178722645
931 0.0468566416891
932 0.0467955662945
933 0.0467346454972
934 0.0466738787168
935 0.0466132653757
936 0.046552804899
937 0.0464924967148
938 0.0464323402543
939 0.046372334951
940 0.0463124802417
941 0.0462527755656
942 0.0461932203649
943 0.0461338140846
944 0.0460745561722
945 0.0460154460782
946 0.0459564832556
947 0.0458976671602
948 0.0458389972504
949 0.0457804729873
950 0.0457220938346
951 0.0456638592587
952 0.0456057687285
953 0.0455478217156
954 0.0454900176941
955 0.0454323561407
956 0.0453748365346
957 0.0453174583575
958 0.0452602210938
959 0.0452031242302
960 0.045146167256
961 0.0450893496629
962 0.045032670945
963 0.044976130599
964 0.0449197281238
965 0.044863463021
966 0.0448073347944
967 0.0447513429502
968 0.0446954869969
969 0.0446397664455
970 0.0445841808094
971 0.0445287296039
972 0.0444734123472
973 0.0444182285594
974 0.0443631777629
975 0.0443082594825
976 0.0442534732452
977 0.0441988185803
978 0.0441442950193
979 0.0440899020958
980 0.0440356393457
981 0.0439815063071
982 0.0439275025203
983 0.0438736275277
984 0.0438198808739
985 0.0437662621056
986 0.0437127707715
987 0.0436594064228
988 0.0436061686124
989 0.0435530568954
990 0.0435000708292
991 0.0434472099729
992 0.0433944738879
993 0.0433418621376
994 0.0432893742873
995 0.0432370099046
996 0.0431847685587
997 0.0431326498212
998 0.0430806532654
999 0.0430287784667
1000 0.0429770250025
1001 0.0429253924519
1002 0.0428738803963
1003 0.0428224884187
1004 0.0427712161042
1005 0.0427200630398
1006 0.0426690288142
1007 0.0426181130183
1008 0.0425673152446
1009 0.0425166350876
1010 0.0424660721437
1011 0.0424156260108
1012 0.0423652962891
1013 0.0423150825802
1014 0.0422649844879
1015 0.0422150016175
1016 0.0421651335763
1017 0.042115379973
1018 0.0420657404186
1019 0.0420162145254
1020 0.0419668019078
1021 0.0419175021816
1022 0.0418683149647
1023 0.0418192398763
1024 0.0417702765377
1025 0.0417214245717
1026 0.0416726836027
1027 0.0416240532569
1028 0.0415755331624
1029 0.0415271229484
1030 0.0414788222463
1031 0.0414306306889
1032 0.0413825479105
1033 0.0413345735474
1034 0.0412867072371
1035 0.041238948619
1036 0.041191297334
1037 0.0411437530246
1038 0.0410963153347
1039 0.0410489839101
1040 0.041001758398
1041 0.0409546384471
1042 0.0409076237078
1043 0.0408607138317
1044 0.0408139084724
1045 0.0407672072847
1046 0.040720609925
1047 0.0406741160512
1048 0.0406277253226
1049 0.0405814374002
1050 0.0405352519464
1051 0.0404891686249
1052 0.0404431871011
1053 0.0403973070417
1054 0.0403515281148
1055 0.0403058499903
1056 0.040260272339
1057 0.0402147948335
1058 0.0401694171477
1059 0.040124138957
1060 0.040078959938
1061 0.0400338797688
1062 0.039988898129
1063 0.0399440146994
1064 0.0398992291622
1065 0.0398545412011
1066 0.0398099505011
1067 0.0397654567484
1068 0.0397210596307
1069 0.039676758837
1070 0.0396325540576
1071 0.0395884449841
1072 0.0395444313095
1073 0.0395005127281
1074 0.0394566889354
1075 0.0394129596283
1076 0.0393693245049
1077 0.0393257832646
1078 0.039282335608
1079 0.0392389812373
1080 0.0391957198555
1081 0.0391525511671
1082 0.0391094748778
1083 0.0390664906947
1084 0.0390235983258
1085 0.0389807974805
1086 0.0389380878696
1087 0.0388954692048
1088 0.0388529411992
1089 0.038810503567
1090 0.0387681560236
1091 0.0387258982858
1092 0.0386837300712
1093 0.038641651099
1094 0.0385996610892
1095 0.0385577597632
1096 0.0385159468434
1097 0.0384742220535
1098 0.0384325851182
1099 0.0383910357635
1100 0.0383495737164
1101 0.038308198705
1102 0.0382669104588
1103 0.0382257087081
1104 0.0381845931843
1105 0.0381435636202
1106 0.0381026197495
1107 0.038061761307
1108 0.0380209880286
1109 0.0379802996513
1110 0.0379396959132
1111 0.0378991765534
1112 0.037858741312
1113 0.0378183899305
1114 0.0377781221511
1115 0.0377379377171
1116 0.037697836373
1117 0.0376578178643
1118 0.0376178819374
1119 0.0375780283398
1120 0.0375382568202
1121 0.037498567128
1122 0.0374589590138
1123 0.0374194322291
1124 0.0373799865267
1125 0.03734062166
1126 0.0373013373837
1127 0.0372621334532
1128 0.0372230096252
1129 0.0371839656571
1130 0.0371450013075
1131 0.0371061163358
1132 0.0370673105024
1133 0.0370285835688
1134 0.0369899352972
1135 0.0369513654509
1136 0.0369128737942
1137 0.0368744600923
1138 0.0368361241112
1139 0.0367978656179
1140 0.0367596843805
1141 0.0367215801679
1142 0.0366835527497
1143 0.0366456018968
1144 0.0366077273808
1145 0.0365699289741
1146 0.0365322064502
1147 0.0364945595833
1148 0.0364569881488
1149 0.0364194919227
1150 0.0363820706819
1151 0.0363447242043
1152 0.0363074522687
1153 0.0362702546545
1154 0.0362331311423
1155 0.0361960815134
1156 0.0361591055499
1157 0.0361222030348
1158 0.036085373752
1159 0.0360486174862
1160 0.036011934023
1161 0.0359753231487
1162 0.0359387846505
1163 0.0359023183165
1164 0.0358659239356
1165 0.0358296012973
1166 0.0357933501923
1167 0.0357571704118
1168 0.0357210617478
1169 0.0356850239934
1170 0.0356490569423
1171 0.0356131603888
1172 0.0355773341285
1173 0.0355415779572
1174 0.035505891672
1175 0.0354702750704
1176 0.0354347279509
1177 0.0353992501126
1178 0.0353638413556
1179 0.0353285014806
1180 0.035293230289
1181 0.0352580275832
1182 0.0352228931661
1183 0.0351878268415
1184 0.0351528284139
1185 0.0351178976886
1186 0.0350830344715
1187 0.0350482385693
1188 0.0350135097896
1189 0.0349788479405
1190 0.0349442528309
1191 0.0349097242704
1192 0.0348752620695
1193 0.0348408660392
1194 0.0348065359913
1195 0.0347722717383
1196 0.0347380730933
1197 0.0347039398703
1198 0.034669871884
1199 0.0346358689495
1200 0.0346019308829
1201 0.0345680575008
1202 0.0345342486207
1203 0.0345005040606
1204 0.0344668236392
1205 0.0344332071759
1206 0.0343996544909
1207 0.0343661654048
1208 0.0343327397391
1209 0.0342993773158
1210 0.0342660779578
1211 0.0342328414884
1212 0.0341996677317
1213 0.0341665565124
1214 0.0341335076558
1215 0.034100520988
1216 0.0340675963356
1217 0.0340347335259
1218 0.0340019323868
1219 0.0339691927469
1220 0.0339365144354
1221 0.0339038972821
1222 0.0338713411175
1223 0.0338388457726
1224 0.0338064110791
1225 0.0337740368693
1226 0.0337417229762
1227 0.0337094692333
1228 0.0336772754746
1229 0.0336451415351
1230 0.0336130672499
1231 0.0335810524551
1232 0.0335490969872
1233 0.0335172006834
1234 0.0334853633814
1235 0.0334535849195
1236 0.0334218651366
1237 0.0333902038723
1238 0.0333586009666
1239 0.0333270562601
1240 0.0332955695941
1241 0.0332641408104
1242 0.0332327697514
1243 0.0332014562601
1244 0.0331702001798
1245 0.0331390013548
1246 0.0331078596297
1247 0.0330767748495
1248 0.0330457468602
1249 0.033014775508
1250 0.0329838606398
1251 0.0329530021029
1252 0.0329221997454
1253 0.0328914534156
1254 0.0328607629627
1255 0.0328301282363
1256 0.0327995490863
1257 0.0327690253636
1258 0.0327385569192
1259 0.0327081436048
1260 0.0326777852728
1261 0.0326474817758
1262 0.0326172329671
1263 0.0325870387006
1264 0.0325568988305
1265 0.0325268132117
1266 0.0324967816995
1267 0.0324668041498
1268 0.0324368804189
1269 0.0324070103638
1270 0.0323771938418
1271 0.0323474307107
1272 0.0323177208291
1273 0.0322880640556
1274 0.0322584602497
1275 0.0322289092713
1276 0.0321994109808
1277 0.0321699652388
1278 0.0321405719069
1279 0.0321112308468
1280 0.0320819419208
1281 0.0320527049917
1282 0.0320235199228
1283 0.0319943865777
1284 0.0319653048207
1285 0.0319362745165
1286 0.0319072955302
1287 0.0318783677274
1288 0.0318494909743
1289 0.0318206651373
1290 0.0317918900835
1291 0.0317631656803
1292 0.0317344917957
1293 0.0317058682981
1294 0.0316772950563
1295 0.0316487719395
1296 0.0316202988177
1297 0.0315918755608
1298 0.0315635020396
1299 0.0315351781251
1300 0.0315069036889
1301 0.0314786786029
1302 0.0314505027395
1303 0.0314223759716
1304 0.0313942981725
1305 0.0313662692158
1306 0.0313382889756
1307 0.0313103573267
1308 0.0312824741439
1309 0.0312546393027
1310 0.0312268526788
1311 0.0311991141487
1312 0.031171423589
1313 0.0311437808768
1314 0.0311161858895
1315 0.0310886385053
1316 0.0310611386023
1317 0.0310336860594
1318 0.0310062807558
1319 0.0309789225709
1320 0.0309516113849
1321 0.0309243470782
1322 0.0308971295314
1323 0.0308699586259
1324 0.0308428342431
1325 0.0308157562652
1326 0.0307887245745
1327 0.0307617390537
1328 0.0307347995862
1329 0.0307079060554
1330 0.0306810583453
1331 0.0306542563402
1332 0.030627499925
1333 0.0306007889846
1334 0.0305741234047
1335 0.0305475030711
1336 0.0305209278701
1337 0.0304943976883
1338 0.0304679124128
1339 0.0304414719309
1340 0.0304150761304
1341 0.0303887248995
1342 0.0303624181267
1343 0.0303361557008
1344 0.0303099375111
1345 0.0302837634473
1346 0.0302576333993
1347 0.0302315472575
1348 0.0302055049126
1349 0.0301795062556
1350 0.0301535511779
1351 0.0301276395715
1352 0.0301017713283
1353 0.0300759463409
1354 0.0300501645022
1355 0.0300244257053
1356 0.0299987298438
1357 0.0299730768116
1358 0.0299474665029
1359 0.0299218988124
1360 0.0298963736349
1361 0.0298708908658
1362 0.0298454504006
1363 0.0298200521354
1364 0.0297946959664
1365 0.0297693817902
1366 0.0297441095039
1367 0.0297188790047
1368 0.0296936901903
1369 0.0296685429587
1370 0.0296434372081
1371 0.0296183728373
1372 0.029593349745
1373 0.0295683678308
1374 0.0295434269941
1375 0.0295185271348
1376 0.0294936681534
1377 0.0294688499503
1378 0.0294440724264
1379 0.0294193354829
1380 0.0293946390215
1381 0.0293699829439
1382 0.0293453671524
1383 0.0293207915493
1384 0.0292962560376
1385 0.0292717605203
1386 0.0292473049008
1387 0.0292228890828
1388 0.0291985129704
1389 0.029174176468
1390 0.0291498794802
1391 0.0291256219118
1392 0.0291014036683
1393 0.0290772246551
1394 0.029053084778
1395 0.0290289839433
1396 0.0290049220574
1397 0.028980899027
1398 0.0289569147593
1399 0.0289329691614
1400 0.0289090621411
1401 0.0288851936063
1402 0.0288613634651
1403 0.0288375716262
1404 0.0288138179982
1405 0.0287901024903
1406 0.0287664250119
1407 0.0287427854725
1408 0.0287191837822
1409 0.0286956198512
1410 0.0286720935898
1411 0.028648604909
1412 0.0286251537199
1413 0.0286017399336
1414 0.0285783634619
1415 0.0285550242167
1416 0.0285317221101
1417 0.0285084570545
1418 0.0284852289627
1419 0.0284620377478
1420 0.0284388833228
1421 0.0284157656015
1422 0.0283926844975
1423 0.028369639925
1424 0.0283466317982
1425 0.0283236600318
1426 0.0283007245407
1427 0.02827782524
1428 0.028254962045
1429 0.0282321348715
1430 0.0282093436353
1431 0.0281865882527
1432 0.02816386864
1433 0.028141184714
1434 0.0281185363916
1435 0.02809592359
1436 0.0280733462267
1437 0.0280508042193
1438 0.028028297486
1439 0.0280058259448
1440 0.0279833895142
1441 0.0279609881131
1442 0.0279386216603
1443 0.027916290075
1444 0.0278939932768
1445 0.0278717311853
1446 0.0278495037205
1447 0.0278273108027
1448 0.0278051523521
1449 0.0277830282897
1450 0.0277609385361
1451 0.0277388830127
1452 0.0277168616409
1453 0.0276948743423
1454 0.0276729210387
1455 0.0276510016524
1456 0.0276291161056
1457 0.027607264321
1458 0.0275854462213
1459 0.0275636617298
1460 0.0275419107696
1461 0.0275201932642
1462 0.0274985091376
1463 0.0274768583135
1464 0.0274552407163
1465 0.0274336562704
1466 0.0274121049005
1467 0.0273905865315
1468 0.0273691010884
1469 0.0273476484967
1470 0.027326228682
1471 0.0273048415699
1472 0.0272834870866
1473 0.0272621651584
1474 0.0272408757115
1475 0.0272196186728
1476 0.0271983939691
1477 0.0271772015277
1478 0.0271560412757
1479 0.0271349131407
1480 0.0271138170506
1481 0.0270927529333
1482 0.027071720717
1483 0.0270507203302
1484 0.0270297517014
1485 0.0270088147595
1486 0.0269879094335
1487 0.0269670356528
1488 0.0269461933467
1489 0.0269253824449
1490 0.0269046028774
1491 0.0268838545743
1492 0.0268631374658
1493 0.0268424514824
1494 0.0268217965548
1495 0.026801172614
1496 0.0267805795911
1497 0.0267600174174
1498 0.0267394860245
1499 0.026718985344
1500 0.0266985153078
1501 0.0266780758482
1502 0.0266576668974
1503 0.0266372883879
1504 0.0266169402525
1505 0.0265966224241
1506 0.0265763348358
1507 0.0265560774209
1508 0.0265358501129
1509 0.0265156528455
1510 0.0264954855526
1511 0.0264753481683
1512 0.0264552406268
1513 0.0264351628626
1514 0.0264151148105
1515 0.0263950964051
1516 0.0263751075816
1517 0.0263551482752
1518 0.0263352184213
1519 0.0263153179555
1520 0.0262954468136
1521 0.0262756049315
1522 0.0262557922455
1523 0.0262360086917
1524 0.0262162542069
1525 0.0261965287276
1526 0.0261768321908
1527 0.0261571645336
1528 0.0261375256932
1529 0.0261179156069
1530 0.0260983342126
1531 0.0260787814478
1532 0.0260592572507
1533 0.0260397615594
1534 0.0260202943121
1535 0.0260008554474
1536 0.025981444904
1537 0.0259620626207
1538 0.0259427085365
1539 0.0259233825907
1540 0.0259040847227
1541 0.0258848148719
1542 0.0258655729781
1543 0.0258463589812
1544 0.0258271728213
1545 0.0258080144386
1546 0.0257888837735
1547 0.0257697807666
1548 0.0257507053586
1549 0.0257316574905
1550 0.0257126371032
1551 0.0256936441382
1552 0.0256746785367
1553 0.0256557402403
1554 0.0256368291908
1555 0.0256179453302
1556 0.0255990886004
1557 0.0255802589437
1558 0.0255614563026
1559 0.0255426806195
1560 0.0255239318372
1561 0.0255052098986
1562 0.0254865147467
1563 0.0254678463247
1564 0.025449204576
1565 0.0254305894441
1566 0.0254120008727
1567 0.0253934388056
1568 0.0253749031868
1569 0.0253563939605
1570 0.025337911071
1571 0.0253194544628
1572 0.0253010240804
1573 0.0252826198686
1574 0.0252642417724
1575 0.0252458897368
1576 0.0252275637071
1577 0.0252092636287
1578 0.0251909894471
1579 0.025172741108
1580 0.0251545185572
1581 0.0251363217407
1582 0.0251181506047
1583 0.0251000050955
1584 0.0250818851594
1585 0.0250637907431
1586 0.0250457217933
1587 0.025027678257
1588 0.025009660081
1589 0.0249916672126
1590 0.0249736995991
1591 0.0249557571881
1592 0.024937839927
1593 0.0249199477636
1594 0.0249020806459
1595 0.0248842385218
1596 0.0248664213397
1597 0.0248486290477
1598 0.0248308615943
1599 0.0248131189283
1600 0.0247954009982
1601 0.0247777077531
1602 0.0247600391418
1603 0.0247423951137
1604 0.024724775618
1605 0.0247071806042
1606 0.0246896100218
1607 0.0246720638205
1608 0.0246545419503
1609 0.0246370443611
1610 0.024619571003
1611 0.0246021218264
1612 0.0245846967815
1613 0.024567295819
1614 0.0245499188896
1615 0.0245325659439
1616 0.0245152369331
1617 0.0244979318081
1618 0.0244806505201
1619 0.0244633930204
1620 0.0244461592607
1621 0.0244289491923
1622 0.0244117627672
1623 0.024394599937
1624 0.0243774606539
1625 0.0243603448699
1626 0.0243432525373
1627 0.0243261836085
1628 0.0243091380359
1629 0.0242921157722
1630 0.0242751167701
1631 0.0242581409826
1632 0.0242411883626
1633 0.0242242588633
1634 0.024207352438
1635 0.0241904690399
1636 0.0241736086228
1637 0.0241567711401
1638 0.0241399565456
1639 0.0241231647933
1640 0.0241063958371
1641 0.0240896496312
1642 0.0240729261298
1643 0.0240562252872
1644 0.0240395470581
1645 0.0240228913969
1646 0.0240062582585
1647 0.0239896475977
1648 0.0239730593695
1649 0.0239564935289
1650 0.0239399500312
1651 0.0239234288317
1652 0.0239069298859
1653 0.0238904531493
1654 0.0238739985776
1655 0.0238575661267
1656 0.0238411557524
1657 0.0238247674108
1658 0.023808401058
1659 0.0237920566504
1660 0.0237757341442
1661 0.023759433496
1662 0.0237431546624
1663 0.0237268976002
1664 0.0237106622661
1665 0.0236944486171
1666 0.0236782566104
1667 0.023662086203
1668 0.0236459373522
1669 0.0236298100156
1670 0.0236137041505
1671 0.0235976197146
1672 0.0235815566656
1673 0.0235655149615
1674 0.0235494945601
1675 0.0235334954195
1676 0.0235175174979
1677 0.0235015607535
1678 0.0234856251449
1679 0.0234697106303
1680 0.0234538171686
1681 0.0234379447184
1682 0.0234220932385
1683 0.0234062626878
1684 0.0233904530254
1685 0.0233746642105
1686 0.0233588962022
1687 0.02334314896
1688 0.0233274224433
1689 0.0233117166116
1690 0.0232960314247
1691 0.0232803668422
1692 0.0232647228242
1693 0.0232490993305
1694 0.0232334963212
1695 0.0232179137566
1696 0.0232023515969
1697 0.0231868098025
1698 0.023171288334
1699 0.0231557871518
1700 0.0231403062167
1701 0.0231248454895
1702 0.0231094049311
1703 0.0230939845025
1704 0.0230785841647
1705 0.0230632038791
1706 0.0230478436068
1707 0.0230325033093
1708 0.023017182948
1709 0.0230018824846
1710 0.0229866018807
1711 0.0229713410982
1712 0.0229561000989
1713 0.0229408788448
1714 0.022925677298
1715 0.0229104954206
1716 0.0228953331749
1717 0.0228801905233
1718 0.0228650674283
1719 0.0228499638523
1720 0.0228348797582
1721 0.0228198151085
1722 0.0228047698662
1723 0.0227897439942
1724 0.0227747374554
1725 0.0227597502131
1726 0.0227447822305
1727 0.0227298334708
1728 0.0227149038975
1729 0.022699993474
1730 0.022685102164
1731 0.0226702299311
1732 0.022655376739
1733 0.0226405425517
1734 0.0226257273331
1735 0.0226109310472
1736 0.0225961536582
1737 0.0225813951303
1738 0.0225666554278
1739 0.022551934515
1740 0.0225372323566
1741 0.022522548917
1742 0.022507884161
1743 0.0224932380532
1744 0.0224786105585
1745 0.0224640016419
1746 0.0224494112684
1747 0.0224348394031
1748 0.0224202860111
1749 0.0224057510578
1750 0.0223912345086
1751 0.0223767363287
1752 0.0223622564839
1753 0.0223477949398
1754 0.0223333516619
1755 0.0223189266162
1756 0.0223045197685
1757 0.0222901310848
1758 0.0222757605311
1759 0.0222614080736
1760 0.0222470736784
1761 0.0222327573119
1762 0.0222184589404
1763 0.0222041785305
1764 0.0221899160486
1765 0.0221756714614
1766 0.0221614447356
1767 0.022147235838
1768 0.0221330447354
1769 0.0221188713949
1770 0.0221047157835
1771 0.0220905778683
1772 0.0220764576164
1773 0.0220623549952
1774 0.0220482699721
1775 0.0220342025144
1776 0.0220201525897
1777 0.0220061201656
1778 0.0219921052098
1779 0.02197810769
1780 0.0219641275741
1781 0.0219501648299
1782 0.0219362194256
1783 0.0219222913291
1784 0.0219083805086
1785 0.0218944869323
1786 0.0218806105686
1787 0.0218667513858
1788 0.0218529093523
1789 0.0218390844368
1790 0.0218252766078
1791 0.021811485834
1792 0.0217977120842
1793 0.0217839553273
1794 0.021770215532
1795 0.0217564926675
1796 0.0217427867028
1797 0.021729097607
1798 0.0217154253493
1799 0.0217017698991
1800 0.0216881312257
1801 0.0216745092986
1802 0.0216609040872
1803 0.0216473155611
1804 0.0216337436901
1805 0.0216201884437
1806 0.0216066497919
1807 0.0215931277046
1808 0.0215796221515
1809 0.0215661331029
1810 0.0215526605287
1811 0.0215392043992
1812 0.0215257646846
1813 0.0215123413551
1814 0.0214989343812
1815 0.0214855437334
1816 0.021472169382
1817 0.0214588112978
1818 0.0214454694514
1819 0.0214321438135
1820 0.021418834355
1821 0.0214055410466
1822 0.0213922638594
1823 0.0213790027643
1824 0.0213657577325
1825 0.021352528735
1826 0.0213393157431
1827 0.0213261187281
1828 0.0213129376613
1829 0.0212997725142
1830 0.0212866232582
1831 0.0212734898649
1832 0.0212603723059
1833 0.021247270553
1834 0.0212341845778
1835 0.0212211143522
1836 0.021208059848
1837 0.0211950210374
1838 0.0211819978922
1839 0.0211689903845
1840 0.0211559984866
1841 0.0211430221706
1842 0.0211300614088
1843 0.0211171161737
1844 0.0211041864375
1845 0.0210912721727
1846 0.021078373352
1847 0.021065489948
1848 0.0210526219332
1849 0.0210397692805
1850 0.0210269319627
1851 0.0210141099526
1852 0.0210013032231
1853 0.0209885117473
1854 0.0209757354982
1855 0.0209629744489
1856 0.0209502285726
1857 0.0209374978426
1858 0.0209247822322
1859 0.0209120817147
1860 0.0208993962636
1861 0.0208867258523
1862 0.0208740704545
1863 0.0208614300437
1864 0.0208488045936
1865 0.020836194078
1866 0.0208235984706
1867 0.0208110177454
1868 0.0207984518763
1869 0.0207859008371
1870 0.0207733646021
1871 0.0207608431453
1872 0.0207483364407
1873 0.0207358444628
1874 0.0207233671857
1875 0.0207109045839
1876 0.0206984566316
1877 0.0206860233034
1878 0.0206736045738
1879 0.0206612004174
1880 0.0206488108088
1881 0.0206364357226
1882 0.0206240751338
1883 0.020611729017
1884 0.0205993973471
1885 0.0205870800991
1886 0.020574777248
1887 0.0205624887688
1888 0.0205502146365
1889 0.0205379548265
1890 0.0205257093138
1891 0.0205134780737
1892 0.0205012610817
1893 0.020489058313
1894 0.0204768697431
1895 0.0204646953475
1896 0.0204525351018
1897 0.0204403889815
1898 0.0204282569623
1899 0.0204161390201
1900 0.0204040351304
1901 0.0203919452692
1902 0.0203798694123
1903 0.0203678075357
1904 0.0203557596154
1905 0.0203437256275
1906 0.0203317055479
1907 0.020319699353
1908 0.0203077070189
1909 0.0202957285218
1910 0.0202837638381
1911 0.0202718129443
1912 0.0202598758166
1913 0.0202479524316
1914 0.0202360427658
1915 0.0202241467958
1916 0.0202122644982
1917 0.0202003958498
1918 0.0201885408273
1919 0.0201766994075
1920 0.0201648715672
1921 0.0201530572833
1922 0.0201412565328
1923 0.0201294692927
1924 0.0201176955401
1925 0.020105935252
1926 0.0200941884057
1927 0.0200824549783
1928 0.0200707349471
1929 0.0200590282895
1930 0.0200473349827
1931 0.0200356550042
1932 0.0200239883315
1933 0.0200123349421
1934 0.0200006948136
1935 0.0199890679235
1936 0.0199774542495
1937 0.0199658537695
1938 0.019954266461
1939 0.019942692302
1940 0.0199311312703
1941 0.0199195833439
1942 0.0199080485006
1943 0.0198965267185
1944 0.0198850179758
1945 0.0198735222504
1946 0.0198620395205
1947 0.0198505697644
1948 0.0198391129604
1949 0.0198276690866
1950 0.0198162381215
1951 0.0198048200435
1952 0.019793414831
1953 0.0197820224626
1954 0.0197706429167
1955 0.019759276172
1956 0.0197479222071
1957 0.0197365810006
1958 0.0197252525314
1959 0.0197139367782
1960 0.0197026337198
1961 0.0196913433352
1962 0.0196800656031
1963 0.0196688005027
1964 0.0196575480129
1965 0.0196463081127
1966 0.0196350807814
1967 0.0196238659979
1968 0.0196126637416
1969 0.0196014739917
1970 0.0195902967274
1971 0.0195791319281
1972 0.0195679795732
1973 0.0195568396421
1974 0.0195457121143
1975 0.0195345969692
1976 0.0195234941865
1977 0.0195124037458
1978 0.0195013256266
1979 0.0194902598088
1980 0.0194792062719
1981 0.0194681649959
1982 0.0194571359606
1983 0.0194461191457
1984 0.0194351145313
1985 0.0194241220972
1986 0.0194131418235
1987 0.0194021736903
1988 0.0193912176775
1989 0.0193802737655
1990 0.0193693419342
1991 0.019358422164
1992 0.0193475144351
1993 0.0193366187277
1994 0.0193257350224
1995 0.0193148632993
1996 0.0193040035391
1997 0.019293155722
1998 0.0192823198288
1999 0.0192714958398
2000 0.0192606837358
2001 0.0192498834973
2002 0.0192390951051
2003 0.0192283185398
2004 0.0192175537822
2005 0.0192068008132
2006 0.0191960596136
2007 0.0191853301642
2008 0.0191746124461
2009 0.0191639064401
2010 0.0191532121273
2011 0.0191425294888
2012 0.0191318585056
2013 0.0191211991589
2014 0.0191105514299
2015 0.0190999152997
2016 0.0190892907496
2017 0.019078677761
2018 0.0190680763151
2019 0.0190574863934
2020 0.0190469079771
2021 0.019036341048
2022 0.0190257855873
2023 0.0190152415766
2024 0.0190047089975
2025 0.0189941878317
2026 0.0189836780608
2027 0.0189731796664
2028 0.0189626926303
2029 0.0189522169342
2030 0.0189417525601
2031 0.0189312994897
2032 0.0189208577048
2033 0.0189104271875
2034 0.0189000079197
2035 0.0188895998834
2036 0.0188792030607
2037 0.0188688174335
2038 0.018858442984
2039 0.0188480796945
2040 0.0188377275469
2041 0.0188273865237
2042 0.0188170566071
2043 0.0188067377793
2044 0.0187964300227
2045 0.0187861333197
2046 0.0187758476526
2047 0.018765573004
2048 0.0187553093564
2049 0.0187450566922
2050 0.018734814994
2051 0.0187245842444
2052 0.0187143644261
2053 0.0187041555218
2054 0.018693957514
2055 0.0186837703856
2056 0.0186735941194
2057 0.0186634286982
2058 0.0186532741048
2059 0.0186431303221
2060 0.018632997333
2061 0.0186228751206
2062 0.0186127636677
2063 0.0186026629575
2064 0.018592572973
2065 0.0185824936972
2066 0.0185724251135
2067 0.0185623672048
2068 0.0185523199544
2069 0.0185422833456
2070 0.0185322573616
2071 0.0185222419857
2072 0.0185122372014
2073 0.0185022429919
2074 0.0184922593407
2075 0.0184822862313
2076 0.0184723236471
2077 0.0184623715716
2078 0.0184524299885
2079 0.0184424988812
2080 0.0184325782334
2081 0.0184226680289
2082 0.0184127682511
2083 0.0184028788839
2084 0.0183929999111
2085 0.0183831313164
2086 0.0183732730836
2087 0.0183634251967
2088 0.0183535876394
2089 0.0183437603957
2090 0.0183339434497
2091 0.0183241367852
2092 0.0183143403862
2093 0.018304554237
2094 0.0182947783214
2095 0.0182850126237
2096 0.018275257128
2097 0.0182655118185
2098 0.0182557766795
2099 0.018246051695
2100 0.0182363368496
2101 0.0182266321274
2102 0.0182169375128
2103 0.0182072529901
2104 0.0181975785439
2105 0.0181879141586
2106 0.0181782598185
2107 0.0181686155083
2108 0.0181589812125
2109 0.0181493569156
2110 0.0181397426022
2111 0.018130138257
2112 0.0181205438646
2113 0.0181109594098
2114 0.0181013848772
2115 0.0180918202517
2116 0.0180822655179
2117 0.0180727206608
2118 0.0180631856652
2119 0.0180536605159
2120 0.0180441451979
2121 0.0180346396962
2122 0.0180251439956
2123 0.0180156580812
2124 0.018006181938
2125 0.0179967155511
2126 0.0179872589057
2127 0.0179778119867
2128 0.0179683747794
2129 0.0179589472689
2130 0.0179495294406
2131 0.0179401212795
2132 0.017930722771
2133 0.0179213339005
2134 0.0179119546531
2135 0.0179025850143
2136 0.0178932249696
2137 0.0178838745042
2138 0.0178745336037
2139 0.0178652022536
2140 0.0178558804392
2141 0.0178465681463
2142 0.0178372653604
2143 0.017827972067
2144 0.0178186882517
2145 0.0178094139004
2146 0.0178001489985
2147 0.0177908935319
2148 0.0177816474863
2149 0.0177724108474
2150 0.017763183601
2151 0.017753965733
2152 0.0177447572293
2153 0.0177355580757
2154 0.0177263682581
2155 0.0177171877624
2156 0.0177080165747
2157 0.0176988546809
2158 0.017689702067
2159 0.0176805587192
2160 0.0176714246234
2161 0.0176622997658
2162 0.0176531841326
2163 0.0176440777098
2164 0.0176349804837
2165 0.0176258924405
2166 0.0176168135664
2167 0.0176077438477
2168 0.0175986832708
2169 0.0175896318218
2170 0.0175805894873
2171 0.0175715562535
2172 0.0175625321068
2173 0.0175535170338
2174 0.0175445110209
2175 0.0175355140545
2176 0.0175265261212
2177 0.0175175472074
2178 0.0175085772999
2179 0.0174996163851
2180 0.0174906644497
2181 0.0174817214804
2182 0.0174727874637
2183 0.0174638623865
2184 0.0174549462354
2185 0.0174460389972
2186 0.0174371406587
2187 0.0174282512066
2188 0.0174193706278
2189 0.0174104989092
2190 0.0174016360376
2191 0.017392782
2192 0.0173839367832
2193 0.0173751003742
2194 0.0173662727601
2195 0.0173574539278
2196 0.0173486438644
2197 0.0173398425568
2198 0.0173310499923
2199 0.0173222661579
2200 0.0173134910407
2201 0.017304724628
2202 0.0172959669069
2203 0.0172872178645
2204 0.0172784774882
2205 0.0172697457652
2206 0.0172610226828
2207 0.0172523082283
2208 0.0172436023891
2209 0.0172349051524
2210 0.0172262165057
2211 0.0172175364364
2212 0.0172088649319
2213 0.0172002019797
2214 0.0171915475672
2215 0.017182901682
2216 0.0171742643116
2217 0.0171656354436
2218 0.0171570150655
2219 0.0171484031649
2220 0.0171397997294
2221 0.0171312047468
2222 0.0171226182047
2223 0.0171140400907
2224 0.0171054703927
2225 0.0170969090982
2226 0.0170883561952
2227 0.0170798116714
2228 0.0170712755147
2229 0.0170627477128
2230 0.0170542282536
2231 0.017045717125
2232 0.017037214315
2233 0.0170287198114
2234 0.0170202336023
2235 0.0170117556755
2236 0.0170032860191
2237 0.0169948246211
2238 0.0169863714696
2239 0.0169779265527
2240 0.0169694898584
2241 0.0169610613748
2242 0.0169526410901
2243 0.0169442289925
2244 0.0169358250701
2245 0.0169274293112
2246 0.0169190417039
2247 0.0169106622365
2248 0.0169022908974
2249 0.0168939276748
2250 0.016885572557
2251 0.0168772255323
2252 0.0168688865892
2253 0.016860555716
2254 0.0168522329011
2255 0.0168439181329
2256 0.0168356114
2257 0.0168273126907
2258 0.0168190219937
2259 0.0168107392973
2260 0.0168024645901
2261 0.0167941978608
2262 0.0167859390978
2263 0.0167776882898
2264 0.0167694454254
2265 0.0167612104933
2266 0.0167529834821
2267 0.0167447643805
2268 0.0167365531773
2269 0.0167283498611
2270 0.0167201544208
2271 0.016711966845
2272 0.0167037871226
2273 0.0166956152425
2274 0.0166874511934
2275 0.0166792949642
2276 0.0166711465439
2277 0.0166630059212
2278 0.0166548730851
2279 0.0166467480246
2280 0.0166386307287
2281 0.0166305211863
2282 0.0166224193863
2283 0.016614325318
2284 0.0166062389702
2285 0.0165981603322
2286 0.0165900893928
2287 0.0165820261414
2288 0.0165739705669
2289 0.0165659226586
2290 0.0165578824056
2291 0.0165498497972
2292 0.0165418248224
2293 0.0165338074706
2294 0.016525797731
2295 0.0165177955929
2296 0.0165098010455
2297 0.0165018140783
2298 0.0164938346804
2299 0.0164858628413
2300 0.0164778985503
2301 0.0164699417969
2302 0.0164619925704
2303 0.0164540508602
2304 0.0164461166559
2305 0.0164381899468
2306 0.0164302707226
2307 0.0164223589726
2308 0.0164144546864
2309 0.0164065578536
2310 0.0163986684637
2311 0.0163907865063
2312 0.016382911971
2313 0.0163750448475
2314 0.0163671851254
2315 0.0163593327943
2316 0.0163514878439
2317 0.016343650264
2318 0.0163358200442
2319 0.0163279971744
2320 0.0163201816441
2321 0.0163123734433
2322 0.0163045725618
2323 0.0162967789893
2324 0.0162889927156
2325 0.0162812137307
2326 0.0162734420244
2327 0.0162656775866
2328 0.0162579204071
2329 0.016250170476
2330 0.0162424277832
2331 0.0162346923186
2332 0.0162269640722
2333 0.0162192430341
2334 0.0162115291941
2335 0.0162038225425
2336 0.0161961230692
2337 0.0161884307643
2338 0.0161807456178
2339 0.01617306762
2340 0.016165396761
2341 0.0161577330308
2342 0.0161500764197
2343 0.0161424269177
2344 0.0161347845153
2345 0.0161271492025
2346 0.0161195209695
2347 0.0161118998067
2348 0.0161042857043
2349 0.0160966786526
2350 0.016089078642
2351 0.0160814856626
2352 0.016073899705
2353 0.0160663207593
2354 0.0160587488161
2355 0.0160511838657
2356 0.0160436258985
2357 0.016036074905
2358 0.0160285308755
2359 0.0160209938007
2360 0.0160134636708
2361 0.0160059404765
2362 0.0159984242083
2363 0.0159909148567
2364 0.0159834124122
2365 0.0159759168654
2366 0.015968428207
2367 0.0159609464274
2368 0.0159534715174
2369 0.0159460034675
2370 0.0159385422684
2371 0.0159310879108
2372 0.0159236403853
2373 0.0159161996828
2374 0.0159087657938
2375 0.0159013387091
2376 0.0158939184195
2377 0.0158865049158
2378 0.0158790981887
2379 0.015871698229
2380 0.0158643050276
2381 0.0158569185753
2382 0.015849538863
2383 0.0158421658814
2384 0.0158347996216
2385 0.0158274400744
2386 0.0158200872306
2387 0.0158127410814
2388 0.0158054016175
2389 0.0157980688301
2390 0.01579074271
2391 0.0157834232482
2392 0.0157761104358
2393 0.0157688042639
2394 0.0157615047233
2395 0.0157542118053
2396 0.0157469255009
2397 0.0157396458012
2398 0.0157323726973
2399 0.0157251061803
2400 0.0157178462414
2401 0.0157105928717
2402 0.0157033460624
2403 0.0156961058047
2404 0.0156888720898
2405 0.0156816449089
2406 0.0156744242533
2407 0.0156672101142
2408 0.0156600024829
2409 0.0156528013507
2410 0.0156456067088
2411 0.0156384185486
2412 0.0156312368614
2413 0.0156240616385
2414 0.0156168928714
2415 0.0156097305514
2416 0.0156025746698
2417 0.0155954252181
2418 0.0155882821878
2419 0.0155811455702
2420 0.0155740153567
2421 0.015566891539
2422 0.0155597741084
2423 0.0155526630564
2424 0.0155455583746
2425 0.0155384600545
2426 0.0155313680876
2427 0.0155242824655
2428 0.0155172031797
2429 0.0155101302219
2430 0.0155030635836
2431 0.0154960032565
2432 0.0154889492321
2433 0.0154819015023
2434 0.0154748600585
2435 0.0154678248924
2436 0.0154607959959
2437 0.0154537733604
2438 0.0154467569779
2439 0.01543974684
2440 0.0154327429385
2441 0.0154257452651
2442 0.0154187538115
2443 0.0154117685697
2444 0.0154047895314
2445 0.0153978166884
2446 0.0153908500325
2447 0.0153838895557
2448 0.0153769352497
2449 0.0153699871064
2450 0.0153630451178
2451 0.0153561092757
2452 0.0153491795721
2453 0.0153422559988
2454 0.0153353385479
2455 0.0153284272113
2456 0.015321521981
2457 0.0153146228489
2458 0.015307729807
2459 0.0153008428475
2460 0.0152939619622
2461 0.0152870871434
2462 0.0152802183829
2463 0.0152733556729
2464 0.0152664990055
2465 0.0152596483727
2466 0.0152528037668
2467 0.0152459651797
2468 0.0152391326037
2469 0.0152323060309
2470 0.0152254854535
2471 0.0152186708636
2472 0.0152118622535
2473 0.0152050596154
2474 0.0151982629414
2475 0.0151914722238
2476 0.0151846874549
2477 0.0151779086269
2478 0.0151711357322
2479 0.0151643687629
2480 0.0151576077114
2481 0.01515085257
2482 0.015144103331
2483 0.0151373599868
2484 0.0151306225298
2485 0.0151238909522
2486 0.0151171652466
2487 0.0151104454051
2488 0.0151037314204
2489 0.0150970232848
2490 0.0150903209907
2491 0.0150836245306
2492 0.0150769338969
2493 0.0150702490822
2494 0.0150635700788
2495 0.0150568968793
2496 0.0150502294763
2497 0.0150435678621
2498 0.0150369120294
2499 0.0150302619708
2500 0.0150236176787
2501 0.0150169791457
2502 0.0150103463645
2503 0.0150037193276
2504 0.0149970980277
2505 0.0149904824573
2506 0.0149838726092
2507 0.0149772684759
2508 0.0149706700501
2509 0.0149640773245
2510 0.0149574902918
2511 0.0149509089447
2512 0.0149443332759
2513 0.0149377632781
2514 0.014931198944
2515 0.0149246402665
2516 0.0149180872382
2517 0.014911539852
2518 0.0149049981005
2519 0.0148984619768
2520 0.0148919314734
2521 0.0148854065833
2522 0.0148788872993
2523 0.0148723736143
2524 0.014865865521
2525 0.0148593630124
2526 0.0148528660814
2527 0.0148463747208
2528 0.0148398889235
2529 0.0148334086825
2530 0.0148269339908
2531 0.0148204648412
2532 0.0148140012267
2533 0.0148075431402
2534 0.0148010905748
2535 0.0147946435235
2536 0.0147882019791
2537 0.0147817659349
2538 0.0147753353837
2539 0.0147689103186
2540 0.0147624907327
2541 0.014756076619
2542 0.0147496679707
2543 0.0147432647807
2544 0.0147368670422
2545 0.0147304747482
2546 0.014724087892
2547 0.0147177064666
2548 0.0147113304652
2549 0.0147049598809
2550 0.0146985947069
2551 0.0146922349364
2552 0.0146858805625
2553 0.0146795315785
2554 0.0146731879776
2555 0.0146668497529
2556 0.0146605168978
2557 0.0146541894054
2558 0.0146478672691
2559 0.014641550482
2560 0.0146352390376
2561 0.0146289329289
2562 0.0146226321494
2563 0.0146163366924
2564 0.0146100465512
2565 0.0146037617191
2566 0.0145974821895
2567 0.0145912079556
2568 0.014584939011
2569 0.014578675349
2570 0.0145724169629
2571 0.0145661638461
2572 0.0145599159921
2573 0.0145536733943
2574 0.0145474360462
2575 0.0145412039411
2576 0.0145349770725
2577 0.0145287554339
2578 0.0145225390187
2579 0.0145163278205
2580 0.0145101218327
2581 0.0145039210489
2582 0.0144977254626
2583 0.0144915350672
2584 0.0144853498564
2585 0.0144791698237
2586 0.0144729949627
2587 0.0144668252668
2588 0.0144606607298
2589 0.0144545013452
2590 0.0144483471066
2591 0.0144421980076
2592 0.0144360540418
2593 0.0144299152029
2594 0.0144237814846
2595 0.0144176528804
2596 0.014411529384
2597 0.0144054109892
2598 0.0143992976896
2599 0.0143931894789
2600 0.0143870863509
2601 0.0143809882991
2602 0.0143748953175
2603 0.0143688073996
2604 0.0143627245393
2605 0.0143566467303
2606 0.0143505739664
2607 0.0143445062413
2608 0.0143384435489
2609 0.0143323858829
2610 0.0143263332372
2611 0.0143202856056
2612 0.0143142429819
2613 0.0143082053599
2614 0.0143021727336
2615 0.0142961450967
2616 0.0142901224432
2617 0.0142841047668
2618 0.0142780920616
2619 0.0142720843213
2620 0.01426608154
2621 0.0142600837116
2622 0.0142540908298
2623 0.0142481028888
2624 0.0142421198825
2625 0.0142361418047
2626 0.0142301686496
2627 0.014224200411
2628 0.014218237083
2629 0.0142122786595
2630 0.0142063251346
2631 0.0142003765022
2632 0.0141944327565
2633 0.0141884938914
2634 0.0141825599009
2635 0.0141766307793
2636 0.0141707065204
2637 0.0141647871185
2638 0.0141588725675
2639 0.0141529628616
2640 0.0141470579948
2641 0.0141411579613
2642 0.0141352627553
2643 0.0141293723708
2644 0.014123486802
2645 0.014117606043
2646 0.014111730088
2647 0.0141058589312
2648 0.0140999925667
2649 0.0140941309888
2650 0.0140882741916
2651 0.0140824221694
2652 0.0140765749163
2653 0.0140707324266
2654 0.0140648946946
2655 0.0140590617144
2656 0.0140532334803
2657 0.0140474099867
2658 0.0140415912277
2659 0.0140357771976
2660 0.0140299678908
2661 0.0140241633015
2662 0.014018363424
2663 0.0140125682527
2664 0.0140067777819
2665 0.0140009920059
2666 0.0139952109191
2667 0.0139894345159
2668 0.0139836627905
2669 0.0139778957373
2670 0.0139721333509
2671 0.0139663756254
2672 0.0139606225554
2673 0.0139548741352
2674 0.0139491303593
2675 0.0139433912221
2676 0.013937656718
2677 0.0139319268415
2678 0.013926201587
2679 0.0139204809489
2680 0.0139147649219
2681 0.0139090535002
2682 0.0139033466785
2683 0.0138976444511
2684 0.0138919468127
2685 0.0138862537577
2686 0.0138805652807
2687 0.0138748813762
2688 0.0138692020387
2689 0.0138635272627
2690 0.0138578570429
2691 0.0138521913738
2692 0.01384653025
2693 0.013840873666
2694 0.0138352216165
2695 0.013829574096
2696 0.0138239310992
2697 0.0138182926207
2698 0.013812658655
2699 0.0138070291969
2700 0.013801404241
2701 0.0137957837819
2702 0.0137901678142
2703 0.0137845563328
2704 0.0137789493321
2705 0.013773346807
2706 0.0137677487521
2707 0.0137621551621
2708 0.0137565660317
2709 0.0137509813557
2710 0.0137454011287
2711 0.0137398253455
2712 0.0137342540009
2713 0.0137286870895
2714 0.0137231246062
2715 0.0137175665457
2716 0.0137120129029
2717 0.0137064636724
2718 0.013700918849
2719 0.0136953784277
2720 0.0136898424031
2721 0.0136843107701
2722 0.0136787835235
2723 0.0136732606582
2724 0.013667742169
2725 0.0136622280507
2726 0.0136567182982
2727 0.0136512129064
2728 0.0136457118701
2729 0.0136402151842
2730 0.0136347228437
2731 0.0136292348433
2732 0.013623751178
2733 0.0136182718428
2734 0.0136127968325
2735 0.0136073261421
2736 0.0136018597665
2737 0.0135963977006
2738 0.0135909399394
2739 0.0135854864779
2740 0.013580037311
2741 0.0135745924337
2742 0.013569151841
2743 0.0135637155279
2744 0.0135582834894
2745 0.0135528557204
2746 0.013547432216
2747 0.0135420129713
2748 0.0135365979812
2749 0.0135311872408
2750 0.0135257807451
2751 0.0135203784892
2752 0.0135149804682
2753 0.013509586677
2754 0.0135041971109
2755 0.0134988117648
2756 0.0134934306339
2757 0.0134880537132
2758 0.0134826809979
2759 0.0134773124831
2760 0.0134719481639
2761 0.0134665880354
2762 0.0134612320928
2763 0.0134558803312
2764 0.0134505327457
2765 0.0134451893316
2766 0.0134398500839
2767 0.0134345149979
2768 0.0134291840687
2769 0.0134238572916
2770 0.0134185346617
2771 0.0134132161741
2772 0.0134079018243
2773 0.0134025916073
2774 0.0133972855183
2775 0.0133919835527
2776 0.0133866857056
2777 0.0133813919723
2778 0.013376102348
2779 0.0133708168281
2780 0.0133655354077
2781 0.0133602580822
2782 0.0133549848468
2783 0.0133497156969
2784 0.0133444506276
2785 0.0133391896344
2786 0.0133339327126
2787 0.0133286798573
2788 0.0133234310641
2789 0.0133181863282
2790 0.0133129456449
2791 0.0133077090097
2792 0.0133024764178
2793 0.0132972478646
2794 0.0132920233455
2795 0.0132868028559
2796 0.0132815863911
2797 0.0132763739466
2798 0.0132711655176
2799 0.0132659610998
2800 0.0132607606883
2801 0.0132555642788
2802 0.0132503718665
2803 0.0132451834469
2804 0.0132399990155
2805 0.0132348185677
2806 0.0132296420989
2807 0.0132244696047
2808 0.0132193010804
2809 0.0132141365216
2810 0.0132089759237
2811 0.0132038192822
2812 0.0131986665927
2813 0.0131935178505
2814 0.0131883730513
2815 0.0131832321905
2816 0.0131780952636
2817 0.0131729622663
2818 0.0131678331939
2819 0.0131627080421
2820 0.0131575868064
2821 0.0131524694823
2822 0.0131473560655
2823 0.0131422465514
2824 0.0131371409357
2825 0.0131320392139
2826 0.0131269413816
2827 0.0131218474345
2828 0.0131167573681
2829 0.013111671178
2830 0.0131065888598
2831 0.0131015104092
2832 0.0130964358217
2833 0.0130913650931
2834 0.013086298219
2835 0.0130812351949
2836 0.0130761760166
2837 0.0130711206798
2838 0.01306606918
2839 0.0130610215129
2840 0.0130559776743
2841 0.0130509376598
2842 0.0130459014652
2843 0.013040869086
2844 0.013035840518
2845 0.013030815757
2846 0.0130257947986
2847 0.0130207776386
2848 0.0130157642727
2849 0.0130107546966
2850 0.0130057489061
2851 0.0130007468969
2852 0.0129957486648
2853 0.0129907542055
2854 0.0129857635148
2855 0.0129807765885
2856 0.0129757934224
2857 0.0129708140123
2858 0.0129658383539
2859 0.012960866443
2860 0.0129558982755
2861 0.0129509338471
2862 0.0129459731538
2863 0.0129410161912
2864 0.0129360629553
2865 0.0129311134418
2866 0.0129261676467
2867 0.0129212255657
2868 0.0129162871947
2869 0.0129113525297
2870 0.0129064215663
2871 0.0129014943006
2872 0.0128965707285
2873 0.0128916508456
2874 0.0128867346481
2875 0.0128818221318
2876 0.0128769132925
2877 0.0128720081262
2878 0.0128671066289
2879 0.0128622087963
2880 0.0128573146246
2881 0.0128524241095
2882 0.012847537247
2883 0.0128426540331
2884 0.0128377744638
2885 0.0128328985349
2886 0.0128280262425
2887 0.0128231575826
2888 0.012818292551
2889 0.0128134311438
2890 0.0128085733569
2891 0.0128037191865
2892 0.0127988686284
2893 0.0127940216786
2894 0.0127891783332
2895 0.0127843385882
2896 0.0127795024397
2897 0.0127746698836
2898 0.0127698409159
2899 0.0127650155328
2900 0.0127601937302
2901 0.0127553755043
2902 0.012750560851
2903 0.0127457497665
2904 0.0127409422468
2905 0.0127361382879
2906 0.012731337886
2907 0.0127265410372
2908 0.0127217477375
2909 0.012716957983
2910 0.0127121717699
2911 0.0127073890942
2912 0.0127026099521
2913 0.0126978343397
2914 0.0126930622531
2915 0.0126882936884
2916 0.0126835286418
2917 0.0126787671094
2918 0.0126740090874
2919 0.012669254572
2920 0.0126645035592
2921 0.0126597560452
2922 0.0126550120263
2923 0.0126502714986
2924 0.0126455344582
2925 0.0126408009014
2926 0.0126360708244
2927 0.0126313442233
2928 0.0126266210944
2929 0.0126219014338
2930 0.0126171852379
2931 0.0126124725027
2932 0.0126077632246
2933 0.0126030573997
2934 0.0125983550244
2935 0.0125936560947
2936 0.0125889606071
2937 0.0125842685577
2938 0.0125795799428
2939 0.0125748947587
2940 0.0125702130016
2941 0.0125655346678
2942 0.0125608597536
2943 0.0125561882553
2944 0.0125515201691
2945 0.0125468554914
2946 0.0125421942184
2947 0.0125375363466
2948 0.0125328818721
2949 0.0125282307913
2950 0.0125235831005
2951 0.012518938796
2952 0.0125142978743
2953 0.0125096603315
2954 0.0125050261642
2955 0.0125003953685
2956 0.0124957679409
2957 0.0124911438777
2958 0.0124865231753
2959 0.0124819058301
2960 0.0124772918384
2961 0.0124726811966
2962 0.0124680739011
2963 0.0124634699483
2964 0.0124588693346
2965 0.0124542720564
2966 0.0124496781101
2967 0.0124450874921
2968 0.0124405001988
2969 0.0124359162266
2970 0.012431335572
2971 0.0124267582314
2972 0.0124221842012
2973 0.0124176134779
2974 0.012413046058
2975 0.0124084819378
2976 0.0124039211138
2977 0.0123993635826
2978 0.0123948093405
2979 0.012390258384
2980 0.0123857107096
2981 0.0123811663139
2982 0.0123766251932
2983 0.0123720873441
2984 0.012367552763
2985 0.0123630214465
2986 0.0123584933911
2987 0.0123539685933
2988 0.0123494470496
2989 0.0123449287565
2990 0.0123404137106
2991 0.0123359019084
2992 0.0123313933464
2993 0.0123268880211
2994 0.0123223859292
2995 0.0123178870671
2996 0.0123133914314
2997 0.0123088990187
2998 0.0123044098256
2999 0.0122999238486
3000 0.0122954410842
3001 0.0122909615292
3002 0.01228648518
3003 0.0122820120332
3004 0.0122775420855
3005 0.0122730753334
3006 0.0122686117735
3007 0.0122641514025
3008 0.012259694217
3009 0.0122552402136
3010 0.0122507893888
3011 0.0122463417395
3012 0.012241897262
3013 0.0122374559532
3014 0.0122330178097
3015 0.012228582828
3016 0.0122241510049
3017 0.012219722337
3018 0.0122152968209
3019 0.0122108744534
3020 0.0122064552311
3021 0.0122020391507
3022 0.0121976262088
3023 0.0121932164022
3024 0.0121888097275
3025 0.0121844061814
3026 0.0121800057607
3027 0.012175608462
3028 0.012171214282
3029 0.0121668232175
3030 0.0121624352651
3031 0.0121580504216
3032 0.0121536686837
3033 0.0121492900482
3034 0.0121449145118
3035 0.0121405420711
3036 0.0121361727231
3037 0.0121318064643
3038 0.0121274432916
3039 0.0121230832017
3040 0.0121187261914
3041 0.0121143722575
3042 0.0121100213967
3043 0.0121056736058
3044 0.0121013288815
3045 0.0120969872207
3046 0.0120926486202
3047 0.0120883130767
3048 0.0120839805871
3049 0.0120796511481
3050 0.0120753247566
3051 0.0120710014093
3052 0.0120666811031
3053 0.0120623638349
3054 0.0120580496013
3055 0.0120537383993
3056 0.0120494302257
3057 0.0120451250773
3058 0.012040822951
3059 0.0120365238436
3060 0.012032227752
3061 0.012027934673
3062 0.0120236446035
3063 0.0120193575403
3064 0.0120150734803
3065 0.0120107924205
3066 0.0120065143576
3067 0.0120022392885
3068 0.0119979672102
3069 0.0119936981195
3070 0.0119894320133
3071 0.0119851688886
3072 0.0119809087421
3073 0.0119766515709
3074 0.0119723973718
3075 0.0119681461418
3076 0.0119638978777
3077 0.0119596525765
3078 0.0119554102352
3079 0.0119511708506
3080 0.0119469344197
3081 0.0119427009394
3082 0.0119384704068
3083 0.0119342428186
3084 0.0119300181719
3085 0.0119257964637
3086 0.0119215776909
3087 0.0119173618504
3088 0.0119131489393
3089 0.0119089389545
3090 0.011904731893
3091 0.0119005277518
3092 0.0118963265278
3093 0.0118921282181
3094 0.0118879328196
3095 0.0118837403294
3096 0.0118795507444
3097 0.0118753640616
3098 0.0118711802782
3099 0.011866999391
3100 0.0118628213971
3101 0.0118586462936
3102 0.0118544740774
3103 0.0118503047456
3104 0.0118461382952
3105 0.0118419747232
3106 0.0118378140268
3107 0.011833656203
3108 0.0118295012487
3109 0.0118253491611
3110 0.0118211999372
3111 0.0118170535741
3112 0.0118129100688
3113 0.0118087694185
3114 0.0118046316202
3115 0.011800496671
3116 0.0117963645679
3117 0.011792235308
3118 0.0117881088886
3119 0.0117839853065
3120 0.011779864559
3121 0.0117757466431
3122 0.011771631556
3123 0.0117675192947
3124 0.0117634098565
3125 0.0117593032383
3126 0.0117551994373
3127 0.0117510984507
3128 0.0117470002755
3129 0.011742904909
3130 0.0117388123482
3131 0.0117347225903
3132 0.0117306356324
3133 0.0117265514717
3134 0.0117224701054
3135 0.0117183915306
3136 0.0117143157444
3137 0.0117102427441
3138 0.0117061725267
3139 0.0117021050895
3140 0.0116980404297
3141 0.0116939785444
3142 0.0116899194308
3143 0.0116858630861
3144 0.0116818095075
3145 0.0116777586922
3146 0.0116737106373
3147 0.0116696653402
3148 0.0116656227979
3149 0.0116615830078
3150 0.011657545967
3151 0.0116535116727
3152 0.0116494801222
3153 0.0116454513127
3154 0.0116414252414
3155 0.0116374019056
3156 0.0116333813024
3157 0.0116293634292
3158 0.0116253482831
3159 0.0116213358615
3160 0.0116173261615
3161 0.0116133191805
3162 0.0116093149157
3163 0.0116053133643
3164 0.0116013145236
3165 0.011597318391
3166 0.0115933249635
3167 0.0115893342387
3168 0.0115853462136
3169 0.0115813608857
3170 0.0115773782521
3171 0.0115733983102
3172 0.0115694210573
3173 0.0115654464907
3174 0.0115614746077
3175 0.0115575054055
3176 0.0115535388816
3177 0.0115495750332
3178 0.0115456138576
3179 0.0115416553521
3180 0.0115376995141
3181 0.0115337463409
3182 0.0115297958299
3183 0.0115258479783
3184 0.0115219027835
3185 0.0115179602429
3186 0.0115140203538
3187 0.0115100831135
3188 0.0115061485193
3189 0.0115022165688
3190 0.0114982872591
3191 0.0114943605878
3192 0.011490436552
3193 0.0114865151493
3194 0.0114825963769
3195 0.0114786802324
3196 0.0114747667129
3197 0.011470855816
3198 0.0114669475389
3199 0.0114630418792
3200 0.0114591388342
3201 0.0114552384013
3202 0.0114513405778
3203 0.0114474453613
3204 0.011443552749
3205 0.0114396627385
3206 0.0114357753271
3207 0.0114318905123
3208 0.0114280082914
3209 0.0114241286619
3210 0.0114202516213
3211 0.0114163771669
3212 0.0114125052961
3213 0.0114086360066
3214 0.0114047692955
3215 0.0114009051606
3216 0.011397043599
3217 0.0113931846084
3218 0.0113893281862
3219 0.0113854743297
3220 0.0113816230366
3221 0.0113777743042
3222 0.0113739281301
3223 0.0113700845116
3224 0.0113662434464
3225 0.0113624049317
3226 0.0113585689653
3227 0.0113547355444
3228 0.0113509046666
3229 0.0113470763294
3230 0.0113432505303
3231 0.0113394272669
3232 0.0113356065365
3233 0.0113317883366
3234 0.0113279726649
3235 0.0113241595189
3236 0.0113203488959
3237 0.0113165407936
3238 0.0113127352095
3239 0.011308932141
3240 0.0113051315858
3241 0.0113013335413
3242 0.0112975380051
3243 0.0112937449748
3244 0.0112899544477
3245 0.0112861664216
3246 0.011282380894
3247 0.0112785978623
3248 0.0112748173242
3249 0.0112710392773
3250 0.011267263719
3251 0.0112634906469
3252 0.0112597200586
3253 0.0112559519517
3254 0.0112521863237
3255 0.0112484231723
3256 0.0112446624949
3257 0.0112409042892
3258 0.0112371485528
3259 0.0112333952832
3260 0.011229644478
3261 0.0112258961349
3262 0.0112221502514
3263 0.0112184068252
3264 0.0112146658538
3265 0.0112109273348
3266 0.0112071912659
3267 0.0112034576446
3268 0.0111997264686
3269 0.0111959977355
3270 0.0111922714429
3271 0.0111885475885
3272 0.0111848261698
3273 0.0111811071845
3274 0.0111773906303
3275 0.0111736765047
3276 0.0111699648055
3277 0.0111662555302
3278 0.0111625486765
3279 0.011158844242
3280 0.0111551422245
3281 0.0111514426215
3282 0.0111477454308
3283 0.0111440506499
3284 0.0111403582766
3285 0.0111366683084
3286 0.0111329807432
3287 0.0111292955785
3288 0.011125612812
3289 0.0111219324415
3290 0.0111182544645
3291 0.0111145788789
3292 0.0111109056821
3293 0.0111072348721
3294 0.0111035664464
3295 0.0110999004027
3296 0.0110962367388
3297 0.0110925754524
3298 0.0110889165411
3299 0.0110852600026
3300 0.0110816058348
3301 0.0110779540352
3302 0.0110743046017
3303 0.0110706575318
3304 0.0110670128235
3305 0.0110633704743
3306 0.011059730482
3307 0.0110560928444
3308 0.0110524575591
3309 0.011048824624
3310 0.0110451940367
3311 0.011041565795
3312 0.0110379398967
3313 0.0110343163395
3314 0.0110306951211
3315 0.0110270762393
3316 0.0110234596919
3317 0.0110198454766
3318 0.0110162335911
3319 0.0110126240334
3320 0.011009016801
3321 0.0110054118919
3322 0.0110018093037
3323 0.0109982090343
3324 0.0109946110814
3325 0.0109910154428
3326 0.0109874221163
3327 0.0109838310997
3328 0.0109802423908
3329 0.0109766559874
3330 0.0109730718872
3331 0.0109694900881
3332 0.0109659105879
3333 0.0109623333844
3334 0.0109587584753
3335 0.0109551858586
3336 0.010951615532
3337 0.0109480474933
3338 0.0109444817403
3339 0.010940918271
3340 0.010937357083
3341 0.0109337981743
3342 0.0109302415426
3343 0.0109266871858
3344 0.0109231351018
3345 0.0109195852883
3346 0.0109160377432
3347 0.0109124924644
3348 0.0109089494497
3349 0.0109054086969
3350 0.010901870204
3351 0.0108983339687
3352 0.0108947999889
3353 0.0108912682625
3354 0.0108877387874
3355 0.0108842115613
3356 0.0108806865822
3357 0.010877163848
3358 0.0108736433565
3359 0.0108701251056
3360 0.0108666090932
3361 0.0108630953171
3362 0.0108595837753
3363 0.0108560744656
3364 0.010852567386
3365 0.0108490625342
3366 0.0108455599083
3367 0.0108420595061
3368 0.0108385613254
3369 0.0108350653643
3370 0.0108315716207
3371 0.0108280800923
3372 0.0108245907772
3373 0.0108211036732
3374 0.0108176187783
3375 0.0108141360904
3376 0.0108106556074
3377 0.0108071773272
3378 0.0108037012478
3379 0.0108002273671
3380 0.0107967556829
3381 0.0107932861934
3382 0.0107898188963
3383 0.0107863537897
3384 0.0107828908714
3385 0.0107794301395
3386 0.0107759715918
3387 0.0107725152264
3388 0.0107690610411
3389 0.0107656090339
3390 0.0107621592028
3391 0.0107587115458
3392 0.0107552660607
3393 0.0107518227457
3394 0.0107483815985
3395 0.0107449426173
3396 0.0107415057999
3397 0.0107380711444
3398 0.0107346386487
3399 0.0107312083109
3400 0.0107277801288
3401 0.0107243541005
3402 0.010720930224
3403 0.0107175084972
3404 0.0107140889182
3405 0.0107106714849
3406 0.0107072561954
3407 0.0107038430476
3408 0.0107004320396
3409 0.0106970231693
3410 0.0106936164347
3411 0.010690211834
3412 0.010686809365
3413 0.0106834090258
3414 0.0106800108144
3415 0.0106766147289
3416 0.0106732207672
3417 0.0106698289274
3418 0.0106664392075
3419 0.0106630516055
3420 0.0106596661195
3421 0.0106562827475
3422 0.0106529014875
3423 0.0106495223376
3424 0.0106461452959
3425 0.0106427703603
3426 0.0106393975289
3427 0.0106360267998
3428 0.0106326581709
3429 0.0106292916405
3430 0.0106259272065
3431 0.0106225648669
3432 0.0106192046199
3433 0.0106158464635
3434 0.0106124903957
3435 0.0106091364147
3436 0.0106057845185
3437 0.0106024347052
3438 0.0105990869729
3439 0.0105957413195
3440 0.0105923977433
3441 0.0105890562423
3442 0.0105857168145
3443 0.0105823794582
3444 0.0105790441712
3445 0.0105757109519
3446 0.0105723797981
3447 0.0105690507081
3448 0.01056572368
3449 0.0105623987117
3450 0.0105590758015
3451 0.0105557549475
3452 0.0105524361477
3453 0.0105491194003
3454 0.0105458047033
3455 0.0105424920549
3456 0.0105391814533
3457 0.0105358728964
3458 0.0105325663825
3459 0.0105292619097
3460 0.0105259594761
3461 0.0105226590798
3462 0.010519360719
3463 0.0105160643917
3464 0.0105127700962
3465 0.0105094778305
3466 0.0105061875929
3467 0.0105028993813
3468 0.0104996131941
3469 0.0104963290293
3470 0.0104930468851
3471 0.0104897667596
3472 0.010486488651
3473 0.0104832125575
3474 0.0104799384771
3475 0.0104766664082
3476 0.0104733963487
3477 0.0104701282969
3478 0.010466862251
3479 0.0104635982091
3480 0.0104603361694
3481 0.0104570761301
3482 0.0104538180893
3483 0.0104505620452
3484 0.0104473079961
3485 0.01044405594
3486 0.0104408058752
3487 0.0104375577998
3488 0.0104343117121
3489 0.0104310676102
3490 0.0104278254924
3491 0.0104245853568
3492 0.0104213472016
3493 0.010418111025
3494 0.0104148768252
3495 0.0104116446005
3496 0.0104084143489
3497 0.0104051860689
3498 0.0104019597585
3499 0.0103987354159
3500 0.0103955130394
3501 0.0103922926272
3502 0.0103890741776
3503 0.0103858576886
3504 0.0103826431587
3505 0.0103794305859
3506 0.0103762199685
3507 0.0103730113047
3508 0.0103698045929
3509 0.0103665998311
3510 0.0103633970177
3511 0.0103601961509
3512 0.0103569972289
3513 0.0103538002499
3514 0.0103506052123
3515 0.0103474121142
3516 0.0103442209539
3517 0.0103410317297
3518 0.0103378444398
3519 0.0103346590824
3520 0.0103314756559
3521 0.0103282941584
3522 0.0103251145883
3523 0.0103219369438
3524 0.0103187612232
3525 0.0103155874247
3526 0.0103124155466
3527 0.0103092455871
3528 0.0103060775447
3529 0.0103029114174
3530 0.0102997472037
3531 0.0102965849018
3532 0.0102934245099
3533 0.0102902660264
3534 0.0102871094495
3535 0.0102839547775
3536 0.0102808020088
3537 0.0102776511415
3538 0.0102745021741
3539 0.0102713551047
3540 0.0102682099318
3541 0.0102650666535
3542 0.0102619252683
3543 0.0102587857743
3544 0.01025564817
3545 0.0102525124536
3546 0.0102493786234
3547 0.0102462466777
3548 0.0102431166149
3549 0.0102399884333
3550 0.0102368621312
3551 0.0102337377069
3552 0.0102306151587
3553 0.0102274944849
3554 0.010224375684
3555 0.0102212587541
3556 0.0102181436937
3557 0.0102150305011
3558 0.0102119191746
3559 0.0102088097125
3560 0.0102057021132
3561 0.010202596375
3562 0.0101994924963
3563 0.0101963904754
3564 0.0101932903107
3565 0.0101901920004
3566 0.010187095543
3567 0.0101840009368
3568 0.0101809081802
3569 0.0101778172715
3570 0.010174728209
3571 0.0101716409912
3572 0.0101685556164
3573 0.0101654720829
3574 0.0101623903892
3575 0.0101593105335
3576 0.0101562325143
3577 0.0101531563299
3578 0.0101500819788
3579 0.0101470094592
3580 0.0101439387695
3581 0.0101408699082
3582 0.0101378028736
3583 0.0101347376641
3584 0.0101316742781
3585 0.0101286127139
3586 0.01012555297
3587 0.0101224950448
3588 0.0101194389366
3589 0.0101163846438
3590 0.0101133321648
3591 0.0101102814981
3592 0.010107232642
3593 0.0101041855949
3594 0.0101011403552
3595 0.0100980969214
3596 0.0100950552918
3597 0.0100920154649
3598 0.010088977439
3599 0.0100859412126
3600 0.0100829067841
3601 0.0100798741519
3602 0.0100768433144
3603 0.0100738142701
3604 0.0100707870173
3605 0.0100677615545
3606 0.0100647378801
3607 0.0100617159926
3608 0.0100586958903
3609 0.0100556775718
3610 0.0100526610353
3611 0.0100496462795
3612 0.0100466333026
3613 0.0100436221032
3614 0.0100406126797
3615 0.0100376050305
3616 0.0100345991541
3617 0.0100315950489
3618 0.0100285927133
3619 0.0100255921459
3620 0.010022593345
3621 0.0100195963092
3622 0.0100166010368
3623 0.0100136075263
3624 0.0100106157763
3625 0.010007625785
3626 0.0100046375511
3627 0.010001651073
3628 0.00999866634907
